1,06112001,41,48,15,7,24,50,0,43,37,41,49,44,9,0
2,09112001,11,38,32,4,9,42,0,13,9,46,29,19,24,0
3,13112001,42,34,11,44,45,47,0,24,47,48,30,40,12,0
4,16112001,38,44,50,46,43,29,0,44,46,2,7,49,11,0
5,20112001,32,16,12,40,25,7,0,12,19,3,49,10,26,0
6,23112001,16,14,31,13,41,9,0,2,31,42,35,36,47,0
7,27112001,24,32,9,17,6,23,0,45,30,5,28,32,8,0
8,30112001,29,32,11,39,38,24,0,39,2,30,31,17,14,0
9,04122001,44,22,37,18,42,10,0,26,31,42,46,10,37,0
10,07122001,31,19,44,34,17,39,0,24,20,11,4,40,5,0
11,11122001,4,36,27,2,8,43,0,43,5,8,45,17,40,0
12,14122001,28,29,48,21,45,12,0,15,18,25,31,19,20,0
13,18122001,1,3,31,33,37,46,0,43,31,4,13,49,47,0
14,21122001,47,6,39,38,33,7,0,19,26,12,5,14,16,0
15,28122001,43,44,40,30,4,32,0,23,20,7,28,13,34,0
16,04012002,25,21,46,26,19,41,0,22,6,5,31,38,27,0
17,08012002,3,5,44,43,47,14,0,27,43,37,36,1,2,0
18,11012002,28,35,50,41,15,27,0,1,13,23,14,22,38,0
19,15012002,10,19,34,33,25,5,0,47,32,39,27,15,24,0
20,18012002,7,13,26,16,49,45,0,18,39,48,43,25,47,0
21,22012002,37,30,14,44,17,6,0,14,9,24,6,26,20,0
22,25012002,2,42,27,34,17,29,0,13,43,28,7,42,34,0
23,29012002,9,8,42,22,11,10,0,37,4,8,7,34,20,0
24,01022002,26,24,19,25,44,42,0,1,11,6,15,16,36,0
25,05022002,15,35,46,42,6,30,0,24,33,23,44,41,19,0
26,08022002,38,2,23,4,17,8,0,4,39,26,19,49,48,0
27,15022002,32,29,19,35,7,5,0,42,47,3,37,28,44,0
28,19022002,38,22,1,26,13,10,0,27,49,34,40,30,31,0
29,22022002,50,23,39,19,12,1,0,47,45,41,35,25,16,0
30,26022002,33,36,8,21,18,46,0,28,5,3,15,43,13,0
31,01032002,20,19,29,5,32,43,0,35,31,49,46,47,36,0
32,05032002,30,47,18,39,20,24,0,14,6,12,39,26,25,0
33,08032002,24,17,32,11,19,16,0,33,21,22,25,49,13,0
34,12032002,7,29,41,40,45,1,0,29,24,45,22,1,15,0
35,15032002,6,26,2,30,1,45,0,8,7,47,33,13,28,0
36,19032002,14,12,50,9,22,17,0,44,13,42,41,45,2,0
37,22032002,45,25,33,48,47,11,0,45,30,10,29,11,47,0
38,26032002,18,19,31,39,46,2,0,29,24,48,45,15,22,0
39,02042002,50,15,3,12,44,37,0,7,46,34,22,44,28,0
40,05042002,15,21,9,32,4,23,0,8,15,36,41,9,6,0
41,09042002,25,32,47,34,22,15,0,43,6,33,26,28,18,0
42,12042002,42,5,6,39,14,48,0,38,4,45,43,21,27,0
43,17042002,34,1,32,39,43,10,0,26,32,39,11,41,5,0
44,19042002,28,9,35,45,3,15,0,3,42,33,4,45,30,0
45,23042002,19,23,47,28,2,44,0,42,21,30,36,46,49,0
46,26042002,29,26,14,41,9,1,0,20,34,39,42,30,16,0
47,30042002,37,13,21,26,34,3,0,6,30,28,44,22,9,0
48,03052002,43,16,42,41,32,23,0,18,2,19,49,39,42,0
49,07052002,41,33,21,45,2,15,0,32,45,49,41,29,35,0
50,10052002,33,7,36,40,26,8,0,13,35,34,42,2,15,0
51,14052002,11,28,7,12,22,4,0,33,41,47,45,48,42,0
52,17052002,3,17,42,26,48,39,0,7,8,48,14,43,34,0
53,21052002,20,23,4,29,42,5,0,3,8,34,48,35,25,0
54,24052002,5,23,34,4,36,27,0,44,37,24,45,10,32,0
55,28052002,45,44,4,27,43,33,0,17,42,46,6,24,26,0
56,31052002,18,10,33,47,40,3,0,39,18,41,14,15,40,0
57,04062002,18,1,35,38,23,46,0,11,48,15,44,30,47,0
58,07062002,14,32,42,33,23,25,0,40,9,49,29,14,48,0
59,11062002,38,33,2,16,28,46,0,28,32,23,38,35,43,0
60,14062002,35,12,36,43,29,15,0,49,21,7,3,29,34,0
61,18062002,1,18,32,9,36,28,0,17,30,10,41,24,38,0
62,21062002,28,43,38,23,8,4,0,5,42,27,47,48,11,0
63,25062002,10,47,9,16,40,5,0,41,24,46,28,30,12,0
64,28062002,42,26,10,11,12,37,0,15,49,44,42,16,32,0
65,02072002,44,29,1,8,14,5,0,23,35,18,14,28,11,0
66,05072002,6,33,19,47,31,17,0,49,13,39,47,24,15,0
67,09072002,35,46,43,48,40,34,0,49,2,12,34,18,33,0
68,12072002,12,21,3,24,15,28,0,9,11,38,13,18,43,0
69,16072002,18,37,47,2,14,9,0,27,35,45,14,25,49,0
70,19072002,23,25,46,26,17,29,0,14,49,22,20,40,2,0
71,23072002,25,45,47,36,33,15,0,8,42,7,37,12,49,0
72,26072002,37,34,8,39,14,47,0,5,48,32,1,2,16,0
73,30072002,33,17,21,45,40,6,0,1,20,48,49,39,6,0
74,02082002,16,28,7,12,46,15,0,13,4,15,39,27,24,0
75,06082002,13,30,43,7,22,11,0,23,41,28,19,16,34,0
76,09082002,48,11,41,21,31,36,0,19,47,4,16,29,44,0
77,13082002,29,11,31,50,39,23,0,11,14,15,34,4,37,0
78,16082002,6,42,21,41,45,8,0,33,43,12,49,36,19,0
79,20082002,18,26,4,2,8,33,0,46,28,47,14,4,1,0
80,23082002,41,27,19,33,45,23,0,45,50,19,10,37,33,0
81,27082002,39,4,31,32,38,16,0,26,32,19,35,15,12,0
82,30082002,35,39,32,15,23,18,0,14,17,42,48,36,12,0
83,03092002,6,13,48,15,8,41,0,6,9,48,18,41,12,0
84,06092002,34,27,11,42,4,31,0,25,17,27,35,50,39,0
85,10092002,9,25,28,27,19,32,0,23,24,45,1,19,30,0
86,13092002,23,48,14,33,25,32,0,37,33,13,29,27,31,0
87,17092002,19,47,39,42,23,1,0,23,37,41,19,13,38,0
88,20092002,46,50,30,42,18,20,0,9,17,28,21,33,1,0
89,24092002,4,14,42,39,8,31,0,4,44,3,32,11,31,0
90,27092002,7,50,36,28,39,40,0,8,37,5,3,43,15,0
91,01102002,19,15,34,11,33,43,0,13,41,43,11,3,44,0
92,04102002,34,28,31,35,1,38,0,24,31,41,11,40,45,0
93,08102002,25,33,1,28,22,44,0,17,38,50,36,4,11,0
94,11102002,36,26,43,25,21,32,0,23,17,40,21,41,2,0
95,15102002,31,42,27,29,38,19,0,5,6,23,35,44,3,0
96,18102002,9,7,13,22,11,50,0,1,37,31,19,7,42,0
97,22102002,17,21,19,16,4,5,0,46,28,42,18,39,45,0
98,25102002,33,20,17,27,11,15,0,37,38,34,45,19,7,0
99,29102002,45,38,30,43,21,12,0,17,7,27,32,8,1,0
100,01112002,9,22,11,26,47,33,0,4,39,33,26,12,2,0
101,05112002,3,19,39,25,37,49,0,7,22,42,32,8,9,0
102,08112002,30,35,40,5,26,19,0,25,35,32,27,13,38,0
103,12112002,7,45,37,33,15,41,0,6,45,17,43,14,48,0
104,15112002,29,38,28,24,30,8,0,19,8,16,49,13,36,0
105,19112002,2,50,43,23,6,27,0,42,1,36,2,16,29,0
106,22112002,6,49,11,31,1,46,0,47,40,37,49,31,21,0
107,26112002,36,19,33,17,40,31,0,41,15,7,33,31,10,0
108,29112002,16,14,18,10,34,6,0,27,42,26,15,41,37,0
109,03122002,45,41,32,46,26,44,0,43,44,33,46,49,28,0
110,06122002,38,14,27,20,34,43,0,21,37,36,19,39,1,0
111,10122002,7,49,6,48,47,16,0,13,22,18,12,40,39,0
112,13122002,16,45,46,47,37,14,0,12,6,32,27,23,10,0
113,17122002,21,50,42,30,45,31,0,16,46,7,14,13,21,0
114,20122002,29,14,33,28,30,39,0,2,41,22,40,44,12,0
115,27122002,3,8,44,38,23,26,0,23,35,19,9,22,33,0
116,03012003,47,5,34,10,38,8,0,41,32,44,12,5,47,0
117,07012003,46,26,28,44,14,13,0,24,23,32,7,11,15,0
118,10012003,49,5,18,16,33,3,0,46,15,11,38,26,45,0
119,14012003,38,20,45,27,36,11,0,40,35,9,33,38,44,0
120,17012003,36,34,40,50,38,29,0,25,40,36,44,3,49,0
121,21012003,9,31,39,12,7,15,0,25,46,50,29,49,20,0
122,24012003,18,22,9,38,3,17,0,21,28,8,23,19,35,0
123,28012003,49,12,38,32,39,35,0,19,43,48,45,28,31,0
124,31012003,28,37,36,47,46,11,0,22,48,6,38,9,30,0
125,04022003,46,41,15,8,7,11,0,39,31,35,43,49,24,0
126,07022003,43,25,47,42,1,4,0,39,26,36,9,20,24,0
127,11022003,44,17,1,16,42,31,0,9,49,31,38,30,14,0
128,14022003,21,28,4,12,22,42,0,49,4,44,27,3,35,0
129,18022003,49,14,33,3,11,27,0,44,34,6,11,37,31,0
130,21022003,39,16,1,18,4,45,0,50,10,2,45,5,13,0
131,25022003,4,30,47,29,23,40,0,5,43,32,31,6,26,0
132,28022003,46,4,7,37,19,44,0,9,47,16,12,21,23,0
133,07032003,27,3,41,29,38,47,0,9,20,30,19,8,1,0
134,11032003,22,31,29,25,19,21,0,46,37,12,40,33,3,0
135,14032003,44,13,2,3,12,26,0,45,6,3,49,46,43,0
136,18032003,10,47,38,20,6,26,0,37,27,46,2,21,40,0
137,21032003,48,14,31,29,18,42,0,1,15,4,33,20,35,0
138,25032003,24,42,11,2,3,1,0,16,35,40,5,36,21,0
139,28032003,42,48,44,13,29,19,0,17,18,8,7,50,32,0
140,01042003,8,44,4,43,47,46,0,12,7,47,19,17,32,0
141,04042003,15,32,33,42,27,43,0,9,42,19,39,36,15,0
142,08042003,36,6,38,20,5,45,0,34,5,7,46,43,14,0
143,11042003,6,19,49,1,44,32,0,25,35,43,21,39,47,0
144,15042003,45,35,21,8,42,49,0,24,42,28,33,6,35,0
145,18042003,29,43,12,15,19,47,0,12,42,38,31,26,2,0
146,22042003,47,8,34,42,11,14,0,47,9,11,28,32,7,0
147,25042003,44,34,40,9,5,33,0,5,21,32,12,43,27,0
148,29042003,28,9,48,27,32,49,0,44,34,19,1,11,18,0
149,02052003,37,39,50,18,41,31,0,27,41,20,24,38,5,0
150,06052003,10,50,3,27,13,5,0,47,48,10,50,34,29,0
151,09052003,37,27,22,41,12,20,0,6,44,28,13,29,1,0
152,13052003,42,49,8,24,47,25,0,40,26,23,45,41,27,0
153,16052003,41,8,21,3,38,15,0,31,24,37,28,9,43,0
154,20052003,19,13,17,1,2,4,0,20,12,19,46,26,25,0
155,23052003,7,22,3,31,25,37,0,21,32,26,12,9,19,0
156,27052003,8,19,37,21,46,32,0,33,20,4,18,46,10,0
157,30052003,22,27,36,45,35,9,0,12,26,16,7,1,23,0
158,03062003,38,2,14,10,29,20,0,29,41,22,39,2,30,0
159,06062003,42,21,37,12,3,28,0,3,47,4,40,10,11,0
160,10062003,37,19,6,27,34,38,0,19,38,45,17,3,35,0
161,13062003,24,29,44,9,26,35,0,7,11,25,36,30,49,0
162,17062003,40,38,43,44,39,31,0,23,13,14,39,27,8,0
163,20062003,19,34,25,20,15,46,0,4,20,16,35,49,22,0
164,24062003,40,41,47,23,45,4,0,26,50,33,27,19,20,0
165,27062003,11,26,49,16,44,6,0,7,38,19,35,20,26,0
166,01072003,27,36,40,39,41,47,0,49,50,16,9,11,6,0
167,04072003,12,21,11,33,17,14,0,50,2,39,26,35,16,0
168,08072003,21,29,20,17,7,14,0,41,49,8,32,31,17,0
169,11072003,38,46,1,22,23,12,0,4,32,27,20,12,36,0
170,15072003,42,49,16,33,29,4,0,12,23,43,16,18,47,0
171,18072003,35,31,16,43,21,25,0,23,21,46,45,33,25,0
172,22072003,6,11,47,25,42,34,0,15,34,12,16,2,28,0
173,25072003,14,25,44,27,3,22,0,16,49,35,15,44,26,0
174,29072003,11,9,29,12,19,34,0,10,15,43,50,28,12,0
175,01082003,48,2,15,45,44,28,0,12,6,22,43,37,1,0
176,05082003,46,21,22,9,29,19,0,39,31,10,48,6,27,0
177,08082003,20,23,33,31,13,36,0,44,40,28,47,7,49,0
178,12082003,7,10,14,8,44,21,0,18,49,9,41,15,29,0
179,15082003,18,21,15,13,29,33,0,11,36,20,16,40,17,0
180,19082003,2,9,42,35,38,20,0,21,31,26,9,28,33,0
181,22082003,19,33,3,25,30,49,0,49,38,11,30,25,28,0
182,26082003,3,17,45,49,42,26,0,13,23,11,16,22,5,0
183,29082003,39,49,24,26,42,21,0,6,36,16,10,38,13,0
184,02092003,39,19,47,46,8,44,0,14,24,28,7,17,48,0
185,05092003,42,10,49,46,31,44,0,7,19,43,8,29,4,0
186,09092003,14,15,30,1,22,36,0,22,9,41,20,27,50,0
187,12092003,10,9,26,11,37,4,0,11,10,42,2,12,37,0
188,16092003,9,33,2,49,6,24,0,24,48,37,35,3,28,0
189,19092003,1,17,3,18,25,33,0,18,27,30,47,49,17,0
190,23092003,2,11,45,36,43,29,0,25,49,2,47,3,48,0
191,26092003,31,43,3,37,35,34,0,2,41,11,10,9,27,0
192,30092003,21,23,9,31,2,19,0,5,27,28,33,3,44,0
193,03102003,40,47,46,16,41,6,0,13,17,44,30,46,36,0
194,07102003,12,18,2,6,19,13,0,26,32,47,4,36,20,0
195,10102003,5,30,32,42,34,20,0,6,5,12,23,40,25,0
196,14102003,43,32,45,28,23,42,0,33,29,40,23,45,21,0
197,17102003,18,3,12,40,31,13,0,12,33,4,29,16,35,0
198,21102003,35,39,30,38,43,7,0,7,39,44,38,31,25,0
199,24102003,25,48,1,40,11,33,0,2,39,46,29,19,38,0
200,28102003,23,8,29,4,6,36,0,39,50,38,23,34,32,0
201,31102003,49,43,31,44,8,32,0,13,41,42,20,49,44,0
202,04112003,1,41,3,18,38,5,0,17,49,33,8,21,46,0
203,07112003,37,40,36,44,24,12,0,46,36,37,43,34,21,0
204,11112003,40,6,28,39,2,34,0,44,36,34,41,3,35,0
205,14112003,45,8,35,48,28,33,0,8,37,4,44,50,23,0
206,18112003,21,7,45,8,16,26,0,46,30,4,42,12,10,0
207,21112003,15,36,27,12,16,43,0,44,13,35,30,38,45,0
208,25112003,46,10,39,18,9,38,0,28,47,31,49,48,36,0
209,28112003,10,36,2,30,47,23,0,2,38,5,42,30,35,0
210,02122003,4,29,39,38,20,42,0,22,25,37,11,36,45,0
211,05122003,10,31,36,13,25,28,0,10,29,40,47,14,3,0
212,09122003,19,34,8,40,29,17,0,27,22,17,49,13,14,0
213,12122003,13,35,4,18,12,8,0,49,47,42,19,7,15,0
214,16122003,34,21,47,12,22,20,0,35,2,42,47,14,36,0
215,19122003,40,11,44,18,25,8,0,11,30,21,42,2,3,0
216,23122003,39,21,33,40,50,15,0,19,18,15,50,39,13,0
217,26122003,2,18,36,37,26,5,0,40,15,35,3,20,30,0
218,30122003,19,34,30,7,41,37,0,41,36,18,17,46,28,0
219,02012004,3,21,13,29,35,4,0,4,22,18,43,25,17,0
220,06012004,6,33,11,5,31,19,0,47,24,18,41,50,42,0
221,09012004,17,21,34,33,39,16,0,2,1,14,37,19,32,0
222,13012004,15,28,43,35,11,41,0,45,12,31,8,50,10,0
223,16012004,44,3,14,13,26,45,0,48,17,25,50,14,24,0
224,20012004,26,7,1,44,13,42,0,38,36,10,2,34,39,0
225,23012004,25,47,13,28,49,45,0,36,44,12,47,29,48,0
226,27012004,28,35,3,44,20,47,0,22,29,31,32,3,24,0
227,30012004,1,19,10,33,14,40,0,30,14,22,39,26,21,0
228,03022004,3,12,30,21,14,11,0,15,39,50,26,8,22,0
229,06022004,5,28,48,8,30,19,0,46,9,10,6,23,37,0
230,10022004,12,5,47,26,21,45,0,33,34,6,46,1,7,0
231,13022004,12,41,26,36,4,5,0,15,25,46,22,18,6,0
232,17022004,27,47,12,14,48,44,0,7,32,46,27,48,21,0
233,20022004,5,43,24,27,38,25,0,5,2,19,6,48,27,0
234,27022004,35,29,22,4,36,47,0,37,2,47,48,44,42,0
235,02032004,18,22,45,13,25,21,0,19,11,10,35,13,39,0
236,05032004,18,35,16,26,25,21,0,10,23,46,3,20,15,0
237,09032004,43,14,24,29,28,26,0,45,36,9,44,4,14,0
238,12032004,45,14,7,24,6,48,0,37,8,43,27,49,13,0
239,16032004,42,1,45,37,7,16,0,45,33,14,38,9,48,0
240,19032004,44,31,34,17,47,27,0,21,26,1,13,9,16,0
241,23032004,5,45,18,3,16,48,0,41,48,31,16,46,25,0
242,26032004,3,14,25,13,16,26,0,11,35,49,17,1,5,0
243,30032004,40,16,39,17,31,3,0,13,19,6,32,12,20,0
244,02042004,44,17,41,26,31,42,0,46,17,29,24,47,23,0
245,06042004,20,43,2,40,46,5,0,33,43,12,18,34,9,0
246,13042004,38,21,27,11,50,26,0,12,31,37,2,1,50,0
247,16042004,2,47,46,18,24,12,0,6,13,50,48,19,31,0
248,20042004,22,13,41,23,14,10,0,26,11,39,44,23,48,0
249,23042004,48,7,4,8,11,46,0,17,43,32,29,21,23,0
250,27042004,31,23,48,18,28,14,0,45,47,34,17,35,8,0
251,30042004,6,47,4,1,43,35,0,49,1,21,24,38,39,0
252,04052004,14,19,36,42,31,5,0,38,47,12,34,18,19,0
253,07052004,25,43,12,3,5,13,0,7,6,43,11,39,38,0
254,11052004,41,14,18,40,21,29,0,9,43,47,28,42,41,0
255,14052004,47,33,24,37,25,39,0,4,15,5,29,43,31,0
256,18052004,30,35,47,29,34,7,0,2,41,44,45,12,6,0
257,21052004,11,48,23,5,33,46,0,29,26,48,2,3,5,0
258,25052004,32,19,21,35,48,29,0,22,17,48,37,31,29,0
259,28052004,22,29,40,28,10,17,0,41,37,15,20,31,48,0
260,01062004,5,40,35,18,26,42,0,49,26,6,30,40,5,0
261,04062004,20,30,15,27,40,26,0,28,17,48,36,3,39,0
262,08062004,25,9,23,36,44,50,0,20,7,49,35,2,28,0
263,11062004,30,15,48,17,11,42,0,36,1,6,13,43,25,0
264,15062004,38,5,13,41,4,30,0,22,43,39,24,31,23,0
265,18062004,17,48,3,21,47,15,0,43,48,28,1,46,31,0
266,22062004,12,33,9,16,10,47,0,26,17,6,43,3,14,0
267,25062004,24,36,14,46,7,3,0,23,3,50,34,4,27,0
268,29062004,17,33,41,26,45,34,0,5,29,36,32,50,34,0
269,02072004,16,44,34,18,29,4,0,27,36,37,45,47,6,0
270,06072004,48,49,11,7,1,31,0,16,34,41,32,15,44,0
271,09072004,12,17,48,29,39,30,0,20,28,41,32,43,50,0
272,13072004,27,12,11,17,9,13,0,12,26,29,4,13,33,0
273,16072004,14,44,30,41,19,16,0,32,47,9,45,12,27,0
274,20072004,46,27,20,11,15,38,0,37,14,29,11,8,18,0
275,23072004,5,12,31,42,45,20,0,30,14,28,45,1,12,0
276,27072004,50,1,14,23,26,47,0,35,14,6,15,34,16,0
277,30072004,29,7,2,39,35,38,0,34,24,29,38,4,43,0
278,03082004,10,48,8,21,25,17,0,12,25,2,16,29,19,0
279,06082004,43,21,18,49,50,46,0,9,39,30,18,19,20,0
280,10082004,40,46,43,24,33,20,0,17,48,23,10,29,35,0
281,13082004,40,27,13,45,14,5,0,10,17,12,30,20,49,0
282,17082004,26,31,32,41,34,23,0,48,38,9,26,39,37,0
283,20082004,4,26,47,18,11,29,0,4,43,39,3,17,15,0
284,24082004,44,34,8,27,39,20,0,15,13,7,3,35,34,0
285,27082004,7,23,9,8,5,43,0,10,41,20,24,16,49,0
286,31082004,25,3,50,32,38,46,0,49,19,21,3,25,16,0
287,03092004,1,31,36,34,35,3,0,11,9,20,41,23,45,0
288,10092004,11,5,25,32,35,15,0,28,10,47,48,36,39,0
289,14092004,12,33,36,49,45,21,0,43,48,25,21,22,7,0
290,17092004,4,24,41,35,10,11,0,15,26,7,13,5,28,0
291,21092004,11,49,41,35,6,37,0,45,13,25,9,26,35,0
292,24092004,15,34,11,43,36,2,0,16,41,34,43,27,26,0
293,28092004,40,7,12,9,41,42,0,8,47,19,21,42,37,0
294,01102004,46,2,9,6,16,29,0,3,46,24,29,33,30,0
295,05102004,40,16,15,5,30,21,0,49,10,22,48,30,41,0
296,08102004,22,28,14,2,40,11,0,36,48,35,25,33,24,0
297,15102004,10,40,49,9,44,8,0,24,43,15,27,6,42,0
298,19102004,33,4,11,20,43,14,0,47,37,44,9,50,36,0
299,22102004,44,2,25,36,45,16,0,42,20,33,4,2,5,0
300,26102004,37,22,46,14,2,42,0,12,8,49,15,35,45,0
301,29102004,33,1,41,6,13,45,0,33,14,35,13,5,43,0
302,05112004,15,31,12,44,13,37,0,9,30,1,27,42,32,0
303,09112004,28,41,24,32,25,36,0,33,1,12,3,46,24,0
304,12112004,42,24,47,18,8,12,0,43,4,42,50,29,18,0
305,16112004,6,3,19,30,2,49,0,18,47,13,11,15,21,0
306,19112004,32,36,29,26,50,49,0,28,6,11,36,22,35,0
307,23112004,28,49,5,16,26,8,0,18,48,30,1,46,45,0
308,26112004,31,30,10,32,1,34,0,49,35,36,48,29,28,0
309,30112004,20,44,9,2,23,10,0,32,33,23,10,31,29,0
310,03122004,31,14,16,15,29,49,0,36,8,28,45,7,44,0
311,07122004,36,12,28,19,35,9,0,34,8,27,18,16,6,0
312,10122004,45,49,15,35,19,29,0,47,46,6,36,43,30,0
313,14122004,43,9,7,18,15,42,0,16,37,2,10,32,35,0
314,17122004,36,18,17,40,32,23,0,26,15,10,48,44,46,0
315,21122004,5,39,46,49,34,4,0,24,5,26,2,42,30,0
316,28122004,33,8,20,42,4,11,0,25,10,15,50,48,22,0
317,04012005,41,20,50,14,23,32,0,12,38,29,33,45,49,0
318,07012005,14,32,42,34,44,41,0,39,46,30,29,32,19,0
319,11012005,13,6,33,26,15,23,0,37,20,42,1,35,24,0
320,14012005,47,6,50,45,12,14,0,26,7,46,49,28,15,0
321,18012005,6,34,16,47,23,29,0,44,11,16,26,48,2,0
322,21012005,23,15,3,39,35,12,0,42,49,7,34,15,17,0
323,25012005,5,48,25,40,27,45,0,49,35,12,8,2,42,0
324,28012005,31,35,9,23,38,45,0,39,12,46,29,1,33,0
325,01022005,39,23,25,1,30,10,0,11,16,23,9,43,19,0
326,04022005,47,49,38,17,33,18,0,19,4,31,25,44,50,0
327,11022005,5,33,34,23,26,19,0,32,38,8,33,50,39,0
328,15022005,39,37,7,25,18,21,0,46,50,40,35,12,27,0
329,18022005,14,21,42,32,9,3,0,32,18,11,27,50,28,0
330,22022005,30,48,6,44,4,18,0,29,39,42,30,7,17,0
331,25022005,16,29,11,41,47,6,0,28,33,31,20,14,15,0
332,01032005,47,31,24,14,44,29,0,22,2,32,50,25,1,0
333,04032005,33,19,4,27,39,1,0,22,8,25,11,27,38,0
334,08032005,41,47,38,18,34,20,0,14,2,26,49,20,4,0
335,11032005,50,26,49,8,21,32,0,4,47,37,21,38,17,0
336,15032005,39,25,14,36,11,27,0,5,20,50,40,23,33,0
337,18032005,30,35,14,20,4,1,0,20,26,6,3,30,33,0
338,22032005,47,45,30,7,6,11,0,39,18,6,16,48,34,0
339,29032005,50,25,38,1,11,28,0,28,3,45,40,48,22,0
340,01042005,8,39,49,42,11,30,0,44,7,4,48,37,35,0
341,05042005,37,49,33,30,3,26,0,33,41,43,47,5,21,0
342,08042005,17,45,31,46,44,42,0,11,37,48,12,49,29,0
343,12042005,15,37,43,8,28,20,0,46,5,22,26,15,8,0
344,15042005,45,20,28,7,24,38,0,46,48,22,40,4,38,0
345,19042005,4,18,14,37,46,39,0,13,29,34,38,49,9,0
346,22042005,17,38,47,18,50,48,0,48,50,29,45,28,4,0
347,26042005,20,42,35,11,39,33,0,19,1,45,7,46,4,0
348,29042005,3,40,1,4,15,25,0,11,25,13,8,7,36,0
349,03052005,19,22,43,8,31,20,0,39,1,26,23,31,46,0
350,06052005,28,31,23,40,4,1,0,3,43,42,31,41,4,0
351,10052005,35,16,27,14,49,19,0,44,5,28,33,40,1,0
352,13052005,19,24,28,16,10,39,0,11,23,40,5,30,48,0
353,17052005,18,31,26,40,24,4,0,23,25,19,6,29,43,0
354,20052005,38,4,44,40,21,31,0,45,47,39,49,38,7,0
355,24052005,50,1,44,10,26,9,0,23,9,1,18,34,14,0
356,27052005,17,47,31,28,42,36,0,48,11,23,1,34,15,0
357,31052005,22,41,21,11,40,42,0,14,19,10,23,3,49,0
358,03062005,21,17,7,44,13,26,0,26,1,40,38,44,27,0
359,07062005,33,50,27,42,44,13,0,23,50,2,22,45,24,0
360,10062005,33,30,6,43,48,13,0,23,6,27,32,1,14,0
361,14062005,27,32,38,28,30,20,0,21,2,18,20,49,31,0
362,17062005,45,47,1,19,24,33,0,31,10,45,8,29,16,0
363,21062005,23,9,10,38,36,39,0,39,49,13,9,10,27,0
364,24062005,14,13,48,1,8,37,0,8,22,9,37,3,33,0
365,28062005,15,22,34,31,37,36,0,36,16,14,4,43,12,0
366,01072005,3,46,26,6,35,42,0,22,46,42,18,50,1,0
367,05072005,50,15,31,48,40,4,0,8,13,7,6,46,36,0
368,08072005,9,10,46,25,5,31,0,36,41,17,4,18,37,0
369,12072005,31,47,1,25,5,11,0,45,31,17,38,5,30,0
370,15072005,9,33,39,43,49,6,0,47,4,26,2,25,45,0
371,19072005,15,22,17,30,6,41,0,29,19,23,30,16,33,0
372,22072005,42,27,45,19,36,46,0,9,40,38,41,11,22,0
373,26072005,17,14,29,10,31,41,0,1,6,28,41,10,3,0
374,29072005,3,41,10,22,37,50,0,43,26,39,19,6,48,0
375,02082005,35,15,33,34,8,28,0,17,9,7,21,1,25,0
376,05082005,34,29,43,17,15,32,0,48,49,6,17,38,47,0
377,09082005,40,34,43,31,15,8,0,3,42,37,15,38,40,0
378,12082005,17,25,30,19,8,43,0,17,15,18,29,47,23,0
379,16082005,8,13,25,44,6,9,0,48,32,42,14,7,30,0
380,20082005,45,40,39,12,41,36,0,48,11,33,26,18,49,0
381,23082005,13,41,8,39,31,20,0,7,13,3,15,31,44,0
382,26082005,38,14,35,30,47,50,0,50,28,19,14,48,17,0
383,30082005,23,20,15,12,32,37,0,4,34,31,47,6,13,0
384,02092005,45,27,9,48,43,40,0,6,13,32,5,8,21,0
385,06092005,23,5,37,6,50,15,0,32,38,10,26,14,18,0
386,09092005,19,15,10,9,24,38,0,7,3,38,26,18,6,0
387,13092005,46,15,33,11,23,26,0,24,35,26,39,22,44,0
388,16092005,3,42,9,32,15,16,0,18,33,24,35,29,47,0
389,20092005,22,40,49,35,34,47,0,1,4,16,7,38,26,0
390,23092005,14,19,35,21,5,28,0,48,22,29,8,19,23,0
391,27092005,4,37,28,42,38,26,0,46,2,29,1,42,37,0
392,30092005,32,38,43,33,17,16,0,35,48,16,13,36,15,0
393,04102005,27,3,43,48,2,16,0,23,48,49,39,42,18,0
394,07102005,27,3,22,46,34,13,0,20,47,43,29,27,41,0
395,11102005,31,29,2,40,1,47,0,35,40,14,24,47,19,0
396,14102005,8,12,29,18,1,33,0,18,39,9,2,17,14,0
397,18102005,48,24,10,25,49,20,0,22,29,3,16,38,12,0
398,21102005,34,9,21,33,10,8,0,21,34,12,7,2,38,0
399,25102005,10,48,4,7,15,12,0,5,8,14,44,31,11,0
400,28102005,49,44,11,32,50,40,0,42,29,15,5,13,7,0
401,01112005,22,20,12,18,30,31,0,42,26,39,22,17,15,0
402,04112005,8,32,11,16,41,1,0,14,3,49,40,41,13,0
403,08112005,46,19,37,11,30,34,0,30,43,35,11,50,37,0
404,11112005,18,3,41,29,46,37,0,26,19,43,20,42,46,0
405,18112005,26,19,3,18,33,5,0,25,23,16,5,42,48,0
406,22112005,45,34,7,49,30,19,0,9,20,34,46,33,44,0
407,25112005,34,20,15,16,31,23,0,40,22,27,3,43,46,0
408,29112005,22,33,23,35,45,50,0,32,28,3,45,24,14,0
409,02122005,26,41,10,46,39,44,0,18,20,21,6,5,27,0
410,06122005,19,37,23,15,21,7,0,31,10,2,12,43,37,0
411,09122005,28,14,48,32,47,11,0,48,7,42,33,8,39,0
412,13122005,34,44,25,23,1,24,0,2,49,44,24,30,22,0
413,16122005,22,45,48,31,19,32,0,5,21,2,27,41,36,0
414,20122005,19,39,35,42,33,45,0,37,9,29,30,13,45,0
415,23122005,38,45,10,34,12,1,0,32,48,45,36,19,9,0
416,27122005,48,10,28,31,35,20,0,36,15,42,45,28,14,0
417,30122005,7,43,47,5,12,10,0,11,13,18,46,16,17,0
418,03012006,24,8,36,32,50,2,0,9,27,31,25,48,10,0
419,06012006,17,43,30,27,15,16,0,20,33,24,16,5,15,0
420,10012006,37,42,3,31,46,14,0,27,36,41,32,46,22,0
421,13012006,4,9,31,46,6,7,0,14,43,9,35,19,34,0
422,17012006,2,40,30,16,43,27,0,40,8,42,47,44,36,0
423,20012006,12,43,42,23,34,9,0,32,16,25,38,39,8,0
424,24012006,6,16,24,46,44,45,0,4,27,49,22,43,35,0
425,27012006,47,20,9,25,41,33,0,41,19,36,31,4,2,0
426,31012006,39,19,50,16,32,26,0,34,22,6,17,41,37,0
427,03022006,1,8,43,2,16,19,0,16,25,18,10,1,46,0
428,07022006,12,13,48,47,28,40,0,24,11,31,14,5,16,0
429,10022006,6,5,26,42,3,31,0,40,37,41,13,31,26,0
430,14022006,37,18,50,9,8,39,0,40,49,9,19,10,45,0
431,17022006,49,32,13,36,35,43,0,8,18,35,9,29,32,0
432,21022006,42,11,12,19,44,21,0,8,28,43,17,32,27,0
433,24022006,33,42,21,4,38,20,0,19,5,34,39,6,46,0
434,03032006,21,37,16,7,20,44,0,10,23,38,14,20,5,0
435,07032006,24,4,17,37,13,25,0,50,31,41,37,49,30,0
436,10032006,29,50,25,5,30,13,0,21,15,13,30,20,9,0
437,14032006,11,2,41,47,8,40,0,13,16,26,5,42,33,0
438,17032006,2,34,6,28,17,8,0,8,5,12,17,1,21,0
439,21032006,4,20,21,44,8,40,0,46,41,15,9,5,48,0
440,24032006,1,33,48,37,31,38,0,36,19,47,18,32,5,0
441,28032006,42,17,47,25,26,13,0,20,5,41,11,14,36,0
442,31032006,4,35,23,13,19,28,0,8,9,14,49,17,36,0
443,04042006,23,35,47,22,25,41,0,49,19,38,47,8,42,0
444,07042006,38,21,27,18,6,29,0,8,13,23,15,34,14,0
445,11042006,48,29,20,15,38,33,0,29,2,36,1,8,30,0
446,18042006,20,32,40,47,12,34,0,49,44,8,40,4,32,0
447,25042006,22,8,20,16,38,42,0,32,46,20,31,17,50,0
448,28042006,15,10,26,14,39,28,0,42,3,46,24,5,25,0
449,02052006,4,22,15,48,35,11,0,32,14,36,15,6,23,0
450,05052006,21,22,11,18,9,39,0,17,28,48,37,20,24,0
451,09052006,49,35,28,39,14,5,0,3,48,40,34,19,5,0
452,12052006,16,24,25,40,49,23,0,22,37,39,2,26,27,0
453,16052006,17,45,13,31,43,21,0,22,4,50,47,37,48,0
454,19052006,11,25,28,40,49,44,0,16,18,41,24,10,45,0
455,23052006,41,3,2,5,49,11,0,22,37,44,5,16,26,0
456,26052006,9,35,30,11,36,5,0,50,10,23,31,30,9,0
457,30052006,45,15,39,11,5,20,0,21,23,47,48,43,44,0
458,02062006,44,23,34,1,21,46,0,1,32,38,11,5,7,0
459,06062006,1,32,38,12,41,8,0,37,17,9,1,22,15,0
460,09062006,17,42,6,20,36,13,0,5,35,29,27,49,33,0
461,13062006,2,5,44,3,32,42,0,43,50,16,35,42,25,0
462,16062006,44,25,19,31,45,29,0,5,34,1,41,18,17,0
463,20062006,30,36,3,37,28,44,0,43,35,1,39,27,14,0
464,23062006,20,47,44,33,3,35,0,16,12,31,34,47,35,0
465,27062006,22,30,45,24,31,19,0,43,9,32,4,24,50,0
466,30062006,28,13,6,9,46,50,0,23,26,2,8,28,39,0
467,04072006,46,39,27,48,38,6,0,25,17,10,23,22,28,0
468,07072006,1,3,19,6,8,16,0,9,42,22,32,30,36,0
469,11072006,32,47,24,22,21,34,0,10,31,42,49,12,32,0
470,14072006,9,20,48,44,11,3,0,1,32,34,44,40,28,0
471,18072006,50,15,33,9,37,8,0,15,13,50,30,34,19,0
472,21072006,34,37,33,36,4,13,0,30,18,16,6,8,46,0
473,25072006,1,32,28,42,43,31,0,33,43,28,40,2,36,0
474,28072006,24,29,30,18,33,1,0,13,14,7,38,22,40,0
475,01082006,43,49,14,50,22,30,0,7,1,31,15,37,5,0
476,04082006,1,39,8,46,9,10,0,1,22,8,42,31,26,0
477,08082006,6,7,1,12,30,9,0,15,26,11,27,40,30,0
478,11082006,37,5,26,9,36,25,0,42,2,20,12,41,11,0
479,15082006,28,15,9,17,38,50,0,8,20,29,46,10,37,0
480,18082006,31,36,49,48,19,41,0,33,38,48,10,28,1,0
481,22082006,30,11,48,2,47,18,0,42,10,2,12,16,28,0
482,25082006,23,20,12,38,1,40,0,14,30,15,40,44,49,0
483,29082006,47,27,21,44,8,40,0,27,5,8,47,37,36,0
484,01092006,42,38,7,21,13,24,0,44,11,18,21,5,45,0
485,05092006,38,31,7,17,30,20,0,28,14,42,9,26,27,0
486,08092006,12,14,44,39,2,24,0,37,1,23,14,24,36,0
487,12092006,12,50,37,16,24,36,0,32,37,16,33,13,44,0
488,15092006,5,18,27,22,8,43,0,43,18,4,41,39,1,0
489,19092006,13,10,44,15,28,43,0,44,6,22,42,40,34,0
490,22092006,38,7,29,41,1,3,0,40,23,11,6,21,44,0
491,26092006,49,32,24,29,18,35,0,25,11,50,14,33,42,0
492,29092006,31,39,34,36,38,8,0,34,25,27,29,40,32,0
493,03102006,3,24,2,27,35,17,0,1,5,11,27,14,6,0
494,06102006,16,35,21,47,28,46,0,21,45,31,19,47,10,0
495,10102006,6,39,49,29,12,24,0,37,49,6,14,42,35,0
496,13102006,36,22,4,24,26,37,0,35,13,22,8,47,49,0
497,17102006,5,1,29,39,28,38,0,29,13,5,23,46,24,0
498,21102006,5,46,39,1,14,24,0,16,49,39,20,36,15,0
499,24102006,35,6,33,14,24,43,0,42,27,23,11,43,13,0
500,27102006,13,44,20,14,27,12,0,33,41,43,37,49,19,0
501,31102006,3,50,43,27,49,1,0,10,15,35,48,39,24,0
502,03112006,17,31,27,6,34,13,0,23,1,18,41,39,31,0
503,07112006,44,25,40,17,24,29,0,21,9,3,38,17,19,0
504,10112006,28,12,32,34,37,47,0,30,28,2,20,26,27,0
505,14112006,30,13,24,10,33,45,0,21,15,24,2,37,9,0
506,17112006,15,10,23,21,45,9,0,24,31,35,12,48,30,0
507,21112006,8,48,21,23,26,30,0,2,20,50,21,43,36,0
508,24112006,21,10,15,31,14,11,0,24,41,12,48,1,4,0
509,28112006,31,46,48,3,25,6,0,33,30,47,1,24,27,0
510,01122006,39,18,31,27,12,38,0,41,39,28,24,47,21,0
511,05122006,23,22,34,18,10,4,0,27,49,30,22,10,36,0
512,08122006,4,29,47,38,46,42,0,31,48,33,36,27,17,0
513,12122006,8,25,29,4,2,15,0,1,49,30,21,28,16,0
514,15122006,29,23,5,37,39,47,0,22,41,32,50,14,42,0
515,19122006,49,12,9,33,30,18,0,25,9,1,23,3,18,0
516,22122006,5,48,38,2,12,42,0,20,2,13,17,48,18,0
517,26122006,7,27,34,10,2,49,0,39,2,45,6,50,34,0
518,29122006,4,7,11,48,37,9,0,36,38,24,49,34,25,0
519,02012007,12,24,2,3,25,49,0,8,46,49,30,35,17,0
520,05012007,3,2,46,50,1,8,0,7,5,10,9,13,27,0
521,09012007,41,5,39,13,24,30,0,8,43,20,3,16,14,0
522,12012007,49,6,22,4,43,20,0,37,46,7,40,49,29,0
523,16012007,18,32,31,4,19,5,0,25,33,7,10,20,21,0
524,19012007,16,47,26,28,6,42,0,34,23,21,32,17,31,0
525,23012007,19,5,20,27,25,6,0,7,21,40,3,18,1,0
526,26012007,14,44,7,12,32,15,0,46,23,31,12,35,4,0
527,30012007,23,37,7,18,6,13,0,25,29,12,23,5,28,0
528,02022007,46,50,2,38,12,16,0,35,50,36,44,14,34,0
529,06022007,25,42,44,32,35,19,0,14,47,49,30,27,24,0
530,09022007,19,37,31,49,16,30,0,29,18,39,1,13,11,0
531,13022007,2,45,17,21,18,30,0,46,9,3,26,39,12,0
532,16022007,28,26,18,43,10,5,0,2,9,6,46,37,30,0
533,23022007,12,33,6,21,48,38,0,26,25,37,20,40,42,0
534,27022007,8,14,28,47,37,30,0,49,9,32,10,24,19,0
535,02032007,11,3,20,18,45,7,0,47,29,46,4,20,17,0
536,06032007,11,50,22,24,28,23,0,17,36,26,49,11,4,0
537,09032007,22,30,29,44,46,12,0,17,48,13,44,23,38,0
538,13032007,1,5,46,36,29,48,0,25,1,9,16,24,3,0
539,16032007,30,34,13,4,42,36,0,24,46,11,49,8,33,0
540,20032007,37,28,38,2,49,31,0,44,4,38,2,5,15,0
541,23032007,33,12,21,5,16,28,0,41,49,37,18,29,11,0
542,27032007,8,43,50,22,4,38,0,46,21,11,22,37,31,0
543,30032007,11,25,21,35,38,37,0,35,23,32,13,17,12,0
544,03042007,43,21,26,13,11,32,0,11,13,31,42,19,46,0
545,07042007,21,30,17,45,12,25,0,4,25,8,6,43,44,0
546,10042007,44,19,33,29,18,20,0,42,4,48,43,37,27,0
547,13042007,17,46,26,30,20,6,0,9,5,23,42,19,10,0
548,17042007,10,50,47,17,49,29,0,2,17,11,18,47,40,0
549,20042007,38,1,40,7,32,41,0,32,43,5,30,24,47,0
550,24042007,50,39,9,7,29,34,0,47,43,32,31,42,6,0
551,27042007,49,50,37,36,11,42,0,9,14,25,16,13,50,0
552,02052007,15,26,25,42,38,49,0,49,45,25,38,20,28,0
553,04052007,41,43,18,9,13,26,0,17,35,36,20,13,44,0
554,08052007,16,28,45,2,40,8,0,27,45,18,21,46,48,0
555,11052007,1,46,8,28,20,50,0,10,32,42,12,41,39,0
556,15052007,16,6,7,44,45,34,0,40,50,24,15,39,25,0
557,18052007,45,36,39,12,20,10,0,35,46,49,7,29,43,0
558,22052007,2,29,31,20,34,10,0,6,37,39,43,10,36,0
559,25052007,33,28,30,9,11,20,0,48,36,46,37,13,31,0
560,29052007,7,2,23,15,37,29,0,38,19,7,11,12,3,0
561,01062007,18,8,11,21,20,17,0,9,23,3,5,45,24,0
562,05062007,37,31,13,10,18,32,0,44,32,8,19,20,28,0
563,08062007,47,39,40,34,4,22,0,35,28,36,8,32,33,0
564,12062007,47,25,2,36,41,45,0,27,23,6,16,41,14,0
565,15062007,43,21,27,49,15,11,0,42,39,26,40,7,28,0
566,19062007,4,11,27,2,44,26,0,16,32,31,15,35,30,0
567,22062007,11,12,45,13,22,49,0,35,12,38,21,22,32,0
568,26062007,48,11,40,9,34,27,0,40,42,21,37,3,8,0
569,29062007,20,30,26,10,1,19,0,30,20,44,40,46,50,0
570,03072007,38,31,16,42,39,37,0,50,29,49,25,34,9,0
571,06072007,48,1,47,15,21,33,0,49,42,26,33,20,22,0
572,10072007,35,2,33,15,37,1,0,17,38,48,32,25,33,0
573,13072007,3,34,49,10,50,35,0,17,18,22,45,3,7,0
574,17072007,49,30,26,15,46,34,0,18,34,46,14,25,37,0
575,20072007,22,48,14,46,42,49,0,13,20,27,43,16,15,0
576,24072007,7,26,39,24,4,17,0,3,17,45,36,39,31,0
577,27072007,14,12,47,45,4,25,0,41,11,14,44,28,46,0
578,31072007,48,28,32,27,5,3,0,48,18,31,23,33,24,0
579,03082007,35,16,29,21,17,31,0,26,19,5,21,30,4,0
580,07082007,23,43,46,8,21,29,0,22,43,6,50,16,39,0
581,10082007,49,2,26,39,19,6,0,4,9,39,22,6,24,0
582,14082007,20,8,43,24,49,41,0,6,24,32,31,28,33,0
583,17082007,36,13,14,8,3,32,0,34,14,7,41,49,44,0
584,21082007,38,12,50,23,32,46,0,31,12,38,1,15,3,0
585,24082007,7,3,49,44,25,2,0,21,19,11,10,38,8,0
586,28082007,10,21,16,34,15,39,0,44,46,6,49,23,17,0
587,31082007,21,3,15,19,10,49,0,38,13,3,7,42,45,0
588,04092007,33,44,12,40,13,38,0,36,12,19,43,35,24,0
589,08092007,25,41,46,5,35,8,0,26,25,38,2,4,28,0
590,11092007,9,39,14,7,33,31,0,31,44,35,32,1,3,0
591,14092007,35,4,30,6,33,21,0,46,8,1,40,5,36,0
592,18092007,16,25,20,33,22,11,0,26,11,29,39,43,33,0
593,21092007,16,17,33,9,46,26,0,33,37,34,26,2,43,0
594,25092007,32,11,1,50,48,47,0,14,19,21,35,41,49,0
595,28092007,22,47,4,35,33,7,0,34,11,29,38,27,49,0
596,02102007,39,37,14,46,17,26,0,7,28,13,20,3,32,0
597,05102007,3,5,47,20,39,25,0,17,42,22,37,35,46,0
598,09102007,46,8,10,17,9,4,0,33,11,4,2,25,44,0
599,13102007,36,9,5,25,2,24,0,40,30,46,2,15,4,0
600,16102007,27,44,43,38,26,34,0,45,44,41,42,29,5,0
601,19102007,39,8,17,18,46,13,0,47,22,29,38,27,19,0
602,23102007,19,11,35,28,48,16,0,31,10,36,38,39,42,0
603,26102007,7,29,17,12,39,43,0,40,38,46,43,27,6,0
604,30102007,2,9,6,48,13,26,0,18,34,42,16,31,50,0
605,03112007,28,1,20,30,48,42,0,33,4,6,36,2,47,0
606,06112007,17,24,10,29,46,19,0,34,35,29,8,37,47,0
607,09112007,47,6,20,11,16,46,0,10,8,5,41,21,24,0
608,13112007,35,18,45,27,47,40,0,19,16,35,29,45,47,0
609,16112007,12,19,39,6,44,16,0,48,11,50,31,24,20,0
610,21112007,36,2,23,46,38,7,0,17,50,6,15,8,30,0
611,23112007,14,26,2,30,42,4,0,22,31,42,12,25,13,0
612,27112007,34,21,26,22,38,14,0,45,13,16,28,22,3,0
613,30112007,13,31,17,25,47,44,0,40,39,20,25,46,5,0
614,04122007,6,50,49,20,40,36,0,24,40,35,8,37,33,0
615,07122007,3,15,48,23,25,41,0,50,34,25,7,36,6,0
616,11122007,7,23,48,16,33,46,0,28,32,39,1,34,27,0
617,14122007,12,32,27,4,16,41,0,10,3,38,26,23,48,0
618,18122007,32,13,16,28,42,9,0,47,31,10,45,9,50,0
619,21122007,28,50,27,34,36,26,0,45,31,1,44,26,34,0
620,28122007,50,16,22,49,23,46,0,3,9,35,1,28,42,0
621,04012008,15,7,16,17,10,36,0,5,29,48,10,14,28,0
622,08012008,27,37,45,14,8,32,0,4,26,1,43,45,22,0
623,11012008,10,26,46,33,13,45,0,41,16,26,27,43,18,0
624,15012008,37,24,30,33,6,41,0,10,38,19,50,49,20,0
625,18012008,3,42,21,38,22,43,0,34,18,40,37,5,1,0
626,22012008,19,4,45,14,8,15,0,21,11,44,19,5,42,0
627,25012008,6,33,13,5,20,11,0,34,27,44,38,18,2,0
628,29012008,32,27,1,2,24,14,0,41,6,25,48,36,31,0
629,01022008,32,30,46,20,38,49,0,8,37,12,34,25,11,0
630,08022008,27,16,19,1,4,42,0,10,35,32,4,37,25,0
631,12022008,36,30,27,19,47,1,0,25,1,30,29,38,7,0
632,15022008,5,7,9,40,21,38,0,31,45,5,20,22,17,0
633,19022008,8,34,16,49,2,17,0,8,31,15,34,16,50,0
634,22022008,31,48,29,47,42,33,0,38,8,22,39,49,32,0
635,26022008,10,8,20,17,9,42,0,10,14,29,44,46,36,0
636,29022008,30,32,43,26,37,10,0,41,47,18,42,45,39,0
637,04032008,9,14,31,39,43,7,0,27,6,39,40,2,43,0
638,07032008,50,35,44,7,45,29,0,10,46,9,21,22,30,0
639,11032008,32,33,4,12,6,7,0,7,45,1,35,15,3,0
640,14032008,15,3,18,19,30,13,0,46,44,42,28,22,23,0
641,18032008,36,31,32,21,40,38,0,8,12,28,43,32,11,0
642,25032008,38,36,3,13,10,7,0,32,27,45,37,25,15,0
643,28032008,29,41,7,9,14,16,0,19,46,49,23,5,6,0
644,01042008,23,49,35,4,13,11,0,30,48,22,24,20,44,0
645,04042008,42,35,10,36,43,50,0,3,38,33,42,12,44,0
646,08042008,31,47,46,2,30,10,0,32,22,34,29,2,43,0
647,11042008,18,32,49,20,35,1,0,35,42,19,50,38,29,0
648,15042008,24,6,14,5,48,10,0,49,39,37,2,46,25,0
649,18042008,40,1,10,14,27,11,0,24,16,20,34,45,40,0
650,22042008,7,20,12,43,16,40,0,17,44,37,23,38,9,0
651,25042008,18,32,30,42,23,41,0,7,47,5,35,17,32,0
652,29042008,48,4,26,33,17,42,0,31,23,5,42,36,26,0
653,02052008,11,42,16,8,30,48,0,42,20,12,31,18,26,0
654,06052008,12,37,44,8,25,11,0,35,23,34,44,7,47,0
655,09052008,4,8,1,2,16,33,0,50,45,4,14,39,25,0
656,13052008,6,43,28,34,15,47,0,45,12,17,32,22,24,0
657,16052008,9,39,50,21,34,20,0,10,18,48,44,8,42,0
658,20052008,47,28,32,50,30,15,0,39,25,48,9,43,13,0
659,23052008,44,43,14,25,20,36,0,38,18,23,45,50,36,0
660,27052008,13,3,25,47,41,33,0,4,28,43,2,3,22,0
661,30052008,24,4,46,17,7,19,0,48,6,30,15,1,7,0
662,03062008,33,48,28,14,27,2,0,49,47,46,27,38,6,0
663,06062008,21,45,31,4,37,44,0,50,34,41,7,28,13,0
664,10062008,27,1,42,23,38,2,0,37,6,33,9,34,17,0
665,13062008,1,9,14,29,23,27,0,30,3,24,7,18,42,0
666,17062008,4,47,29,13,28,10,0,31,38,45,13,36,2,0
667,20062008,25,24,14,38,34,36,0,4,50,32,8,33,34,0
668,24062008,35,1,19,28,26,7,0,6,50,35,41,44,13,0
669,27062008,16,42,30,43,33,23,0,34,37,47,36,22,2,0
670,01072008,29,44,43,7,10,32,0,16,19,12,23,9,1,0
671,04072008,39,32,14,34,46,1,0,6,37,1,40,21,25,0
672,08072008,10,15,39,41,19,32,0,42,39,21,35,29,9,0
673,11072008,47,6,33,32,43,16,0,37,50,13,12,43,16,0
674,15072008,21,5,7,34,45,39,0,35,36,3,2,8,49,0
675,18072008,37,6,25,34,17,30,0,16,44,19,17,15,2,0
676,22072008,17,39,33,34,45,43,0,22,23,34,7,37,49,0
677,25072008,45,41,3,15,20,9,0,31,12,42,17,45,6,0
678,29072008,26,46,1,36,28,4,0,7,30,42,18,2,4,0
679,01082008,18,49,5,44,21,10,0,22,24,5,46,10,13,0
680,05082008,36,19,1,39,45,34,0,32,40,37,10,30,50,0
681,08082008,7,23,2,35,36,32,0,32,22,7,45,18,1,0
682,12082008,27,50,36,41,33,28,0,11,22,7,13,48,36,0
683,15082008,42,12,47,3,50,19,0,32,8,19,44,10,48,0
684,19082008,20,38,6,12,48,2,0,29,40,19,50,11,34,0
685,22082008,10,36,35,3,6,22,0,11,6,39,36,23,49,0
686,26082008,46,38,21,16,5,27,0,1,7,26,16,2,12,0
687,29082008,6,45,12,7,34,21,0,40,5,10,4,9,17,0
688,02092008,12,48,33,32,22,3,0,6,32,3,11,25,1,0
689,05092008,41,6,38,37,19,42,0,10,17,31,9,50,33,0
690,09092008,26,34,50,8,44,35,0,41,17,23,37,9,16,0
691,12092008,38,46,24,19,29,47,0,29,13,50,42,11,21,0
692,16092008,37,40,30,31,8,2,0,27,35,13,29,14,30,0
693,19092008,24,28,32,4,10,29,0,18,32,5,20,3,40,0
694,23092008,28,15,29,9,27,1,0,22,19,6,36,50,39,0
695,26092008,1,17,10,18,37,8,0,30,23,25,48,37,3,0
696,30092008,20,26,37,43,9,3,0,50,5,44,17,49,20,0
697,03102008,12,29,24,20,3,18,0,38,5,30,35,12,20,0
698,07102008,46,15,7,2,49,27,0,17,22,40,11,19,6,0
699,10102008,9,41,2,18,31,13,0,40,5,47,6,27,33,0
700,14102008,5,39,18,41,24,47,0,3,31,47,36,1,27,0
701,17102008,3,12,16,33,46,10,0,44,6,2,5,18,13,0
702,21102008,29,31,7,18,16,44,0,9,10,4,36,13,24,0
703,24102008,6,10,2,42,44,12,0,48,50,40,11,3,45,0
704,28102008,45,3,30,8,50,49,0,42,41,8,44,28,7,0
705,31102008,30,7,32,5,31,3,0,5,38,27,11,15,48,0
706,04112008,17,3,34,6,7,44,0,2,3,29,19,42,11,0
707,07112008,16,36,15,39,1,5,0,36,4,41,2,37,9,0
708,11112008,25,33,20,34,27,16,0,11,2,8,19,44,9,0
709,14112008,17,12,36,25,3,34,0,42,45,14,15,49,50,0
710,18112008,36,3,32,40,25,18,0,30,45,32,16,25,5,0
711,21112008,48,1,33,47,29,15,0,4,8,5,15,50,40,0
712,25112008,30,39,21,11,13,36,0,39,44,6,17,3,11,0
713,28112008,26,35,14,11,22,6,0,16,13,26,9,34,1,0
714,02122008,1,28,40,20,45,34,0,36,42,6,37,48,1,0
715,05122008,32,5,30,14,41,21,0,14,36,47,24,2,18,0
716,09122008,31,32,19,18,11,14,0,21,33,39,14,50,1,0
717,12122008,5,41,45,13,21,37,0,33,16,6,49,24,8,0
718,16122008,46,43,47,27,30,2,0,13,27,43,29,23,44,0
719,19122008,50,23,24,25,6,26,0,27,31,25,35,28,45,0
720,23122008,13,18,5,8,36,33,0,3,23,46,6,39,8,0
721,26122008,9,16,34,20,4,25,0,16,15,38,6,7,44,0
722,30122008,24,32,25,39,27,6,0,50,4,33,5,23,30,0
723,02012009,50,28,8,31,11,3,0,41,13,20,21,28,15,0
724,06012009,44,26,9,6,14,3,0,25,20,38,21,27,39,0
725,09012009,28,10,40,19,50,18,0,6,29,42,44,19,45,0
726,13012009,24,39,17,42,45,44,0,10,36,50,12,49,25,0
727,16012009,40,20,9,2,24,47,0,48,45,32,49,17,20,0
728,20012009,12,2,1,6,44,42,0,27,39,25,11,18,2,0
729,23012009,4,30,3,1,16,6,0,43,20,4,39,41,9,0
730,27012009,48,31,4,3,33,44,0,2,17,46,30,31,43,0
731,30012009,27,46,44,17,11,35,0,4,46,21,9,20,10,0
732,03022009,40,13,44,33,32,50,0,1,19,27,50,47,37,0
733,06022009,4,12,18,50,27,23,0,40,49,30,28,4,43,0
734,10022009,49,21,19,8,15,4,0,45,1,11,24,31,8,0
735,13022009,39,7,49,10,36,29,0,49,48,44,5,35,43,0
736,17022009,40,47,41,20,18,23,0,25,17,15,2,29,42,0
737,20022009,11,50,22,14,39,27,0,44,48,33,3,41,49,0
738,27022009,21,6,3,7,13,35,0,20,37,50,41,21,31,0
739,03032009,10,35,8,9,17,39,0,10,28,12,31,8,4,0
740,06032009,50,20,7,42,45,22,0,29,14,5,44,26,36,0
741,10032009,45,39,18,13,33,20,0,22,39,29,33,18,8,0
742,13032009,11,16,25,50,18,47,0,40,45,4,21,25,37,0
743,17032009,5,30,34,19,12,47,0,50,11,35,45,31,1,0
744,20032009,50,22,20,17,23,34,0,6,18,2,37,30,40,0
745,24032009,35,19,6,40,1,25,0,2,10,6,23,22,29,0
746,27032009,42,22,5,21,45,28,0,37,17,44,47,1,8,0
747,31032009,50,2,17,14,24,40,0,8,26,50,24,10,45,0
748,03042009,6,21,14,46,42,40,0,3,23,29,9,32,50,0
749,07042009,9,46,22,50,8,40,0,33,10,21,17,14,43,0
750,15042009,44,35,31,17,10,40,0,1,14,22,46,9,47,0
751,17042009,24,33,21,26,49,39,0,44,24,26,9,49,42,0
752,22042009,6,20,25,36,11,3,0,41,8,24,31,37,45,0
753,24042009,29,7,50,27,20,12,0,8,10,35,42,37,25,0
754,28042009,40,28,41,35,38,10,0,50,45,48,13,16,19,0
755,02052009,39,33,7,45,28,34,0,27,10,48,2,47,50,0
756,05052009,33,10,29,13,14,32,0,15,43,50,37,34,36,0
757,08052009,35,14,19,22,49,6,0,39,43,44,26,40,46,0
758,12052009,11,45,4,19,34,24,0,20,31,11,9,35,41,0
759,15052009,1,20,31,10,29,6,0,26,22,12,9,16,5,0
760,19052009,25,48,36,15,21,9,0,32,7,33,45,27,5,0
761,22052009,18,21,12,8,20,28,0,4,24,11,35,39,2,0
762,26052009,12,11,28,35,34,45,0,23,45,22,50,49,13,0
763,29052009,40,49,33,50,31,41,0,12,50,41,31,45,23,0
764,02062009,25,41,32,46,50,4,0,27,47,35,31,19,21,0
765,05062009,20,11,4,24,7,42,0,31,49,2,4,44,5,0
766,09062009,39,17,9,50,38,41,0,30,45,50,6,2,3,0
767,12062009,8,23,9,28,13,17,0,34,29,42,28,32,49,0
768,16062009,6,2,21,5,25,1,0,39,48,17,5,29,14,0
769,19062009,35,38,7,45,15,30,0,3,49,43,16,50,13,0
770,23062009,20,33,24,50,1,34,0,17,18,41,4,43,49,0
771,26062009,18,32,29,7,4,24,0,19,42,23,8,43,25,0
772,30062009,13,4,42,30,32,21,0,24,19,40,9,1,25,0
773,03072009,9,33,17,20,18,6,0,5,47,9,1,7,42,0
774,07072009,5,48,7,25,45,12,0,25,7,8,30,45,19,0
775,10072009,47,38,16,7,37,35,0,7,5,13,32,17,47,0
776,14072009,37,39,4,36,49,40,0,29,1,36,40,4,16,0
777,17072009,36,1,6,23,48,22,0,32,43,2,18,7,28,0
778,21072009,29,6,14,34,38,32,0,8,13,16,26,24,37,0
779,24072009,23,13,34,46,36,45,0,42,23,21,7,37,20,0
780,28072009,21,50,24,29,33,39,0,34,29,35,20,42,36,0
781,31072009,50,2,17,41,40,20,0,16,18,50,45,21,48,0
782,04082009,37,32,11,47,34,22,0,6,37,35,29,43,44,0
783,07082009,41,7,25,3,50,1,0,21,29,50,40,5,1,0
784,11082009,23,45,18,8,28,38,0,1,43,45,5,37,30,0
785,14082009,20,1,40,24,17,41,0,36,7,2,3,20,19,0
786,18082009,14,19,4,50,44,32,0,1,39,2,10,8,16,0
787,21082009,40,5,23,11,1,19,0,40,4,50,48,32,25,0
788,25082009,21,37,32,25,46,13,0,7,43,4,20,24,41,0
789,28082009,34,32,43,47,5,50,0,37,18,40,5,14,15,0
790,01092009,12,31,24,14,39,49,0,35,40,23,46,49,28,0
791,04092009,24,6,14,29,21,4,0,42,35,43,24,3,32,0
792,08092009,35,18,50,42,8,5,0,18,47,20,30,29,15,0
793,11092009,2,33,14,41,8,7,0,3,38,18,39,43,30,0
794,15092009,38,11,35,6,47,18,0,48,10,46,16,45,34,0
795,18092009,43,20,40,30,33,17,0,24,29,9,23,7,11,0
796,22092009,11,36,49,37,29,1,0,8,4,35,45,17,37,0
797,25092009,19,49,50,8,16,29,0,9,39,24,48,36,28,0
798,29092009,49,25,29,45,22,2,0,20,41,39,1,37,47,0
799,02102009,11,17,47,38,42,49,0,35,13,15,18,21,42,0
800,06102009,5,37,7,39,40,30,0,47,50,38,7,25,22,0
801,09102009,48,5,43,35,39,17,0,4,12,33,14,22,8,0
802,13102009,48,6,10,35,44,37,0,17,18,5,3,48,31,0
803,16102009,31,32,20,12,5,37,0,30,9,40,5,8,31,0
804,20102009,44,35,23,38,22,16,0,9,43,32,19,33,2,0
805,23102009,9,3,16,19,14,42,0,42,22,1,35,5,3,0
806,27102009,30,20,33,16,8,11,0,9,49,12,8,5,36,0
807,30102009,37,29,11,36,13,6,0,5,39,17,20,2,47,0
808,03112009,8,27,15,9,12,50,0,5,47,16,29,8,36,0
809,06112009,29,49,8,34,50,10,0,17,23,7,42,22,30,0
810,10112009,34,32,42,45,30,18,0,2,49,45,26,40,46,0
811,13112009,6,37,10,9,20,45,0,24,10,4,48,38,22,0
812,17112009,26,40,9,48,22,27,0,15,7,10,48,45,9,0
813,20112009,9,3,13,38,45,50,0,37,2,14,9,5,44,0
814,24112009,49,38,24,2,29,50,0,43,35,7,6,16,4,0
815,27112009,35,9,22,28,46,39,0,29,30,50,43,21,2,0
816,01122009,45,40,43,36,50,31,0,12,33,13,49,5,15,0
817,04122009,24,48,9,7,18,5,0,34,36,49,25,39,35,0
818,08122009,39,45,29,50,41,44,0,28,31,46,14,5,50,0
819,11122009,11,28,21,32,4,34,0,26,40,8,33,46,3,0
820,15122009,35,11,4,1,44,42,0,39,18,25,21,27,7,0
821,18122009,19,10,17,1,34,7,0,44,12,17,38,19,2,0
822,22122009,20,32,40,25,12,14,0,32,2,17,19,34,10,0
823,26122009,22,1,39,28,48,45,0,16,47,21,5,42,38,0
824,29122009,12,30,6,41,10,36,0,41,34,3,11,43,44,0
825,02012010,34,19,36,13,17,20,0,6,17,43,5,35,45,0
826,05012010,29,2,18,39,50,44,0,47,36,10,5,43,24,0
827,09012010,49,23,15,30,6,36,0,25,27,49,15,43,16,0
828,12012009,20,5,9,24,39,32,0,26,42,46,11,50,19,0
829,15012010,38,39,36,12,44,23,0,9,18,17,33,27,14,0
830,19012010,28,1,49,29,7,21,0,39,42,4,18,8,35,0
831,22012010,20,46,12,27,1,8,0,35,50,38,25,9,36,0
832,26012010,33,23,10,49,46,27,0,45,32,25,35,30,8,0
833,29012010,17,8,40,24,30,34,0,19,18,32,41,37,50,0
834,02022010,40,43,37,30,11,21,0,42,7,43,22,20,10,0
835,05022010,15,50,21,22,12,6,0,29,43,26,36,50,45,0
836,09022010,45,33,21,13,20,6,0,47,39,41,27,4,19,0
837,12022010,14,15,11,30,36,7,0,6,2,45,28,38,18,0
838,17022010,10,28,50,30,31,41,0,40,16,33,12,22,24,0
839,19022010,6,3,2,26,25,22,0,9,40,38,7,23,5,0
840,23022010,6,48,2,50,7,24,0,5,3,34,47,13,21,0
841,26022010,39,24,36,30,14,5,0,9,33,44,13,7,17,0
842,02032010,17,10,49,50,26,37,0,4,6,47,46,7,27,0
843,05032010,18,10,42,37,31,13,0,9,40,27,4,50,32,0
844,09032010,2,4,5,26,24,40,0,38,4,40,47,25,30,0
845,12032010,36,40,39,41,43,49,0,36,8,45,35,41,2,0
846,16032010,24,1,11,44,45,48,0,48,36,24,44,39,18,0
847,19032010,11,36,38,47,49,32,0,12,4,49,42,28,13,0
848,23032010,21,49,20,43,4,27,0,34,17,43,44,36,48,0
849,26032010,36,15,23,42,10,37,0,44,5,34,17,2,6,0
850,30032010,25,50,21,19,45,10,0,34,20,22,45,14,21,0
851,03042010,42,7,17,10,2,40,0,50,39,15,42,23,35,0
852,06042010,50,36,48,14,24,6,0,16,1,5,50,31,8,0
853,09042010,29,3,27,7,10,50,0,7,18,2,20,44,33,0
854,13042010,4,25,47,11,30,12,0,31,19,17,37,39,14,0
855,16042010,5,17,29,50,31,10,0,4,21,11,1,50,15,0
856,20042010,21,28,39,32,3,22,0,18,4,33,7,25,28,0
857,23042010,44,2,42,21,43,1,0,28,25,45,21,4,29,0
858,27042010,11,34,3,48,4,8,0,43,21,29,1,35,18,0
859,30042010,28,27,31,7,5,12,0,36,4,35,40,26,45,0
860,04052010,1,24,41,9,34,3,0,42,20,6,11,44,43,0
861,07052010,11,49,30,25,40,41,0,48,4,18,47,13,12,0
862,11052010,37,50,30,6,10,4,0,6,36,10,12,31,35,0
863,14052010,3,30,7,38,46,40,0,49,9,13,1,11,30,0
864,18052010,24,16,4,28,32,46,0,18,5,10,6,21,46,0
865,21052010,38,11,21,46,17,41,0,37,5,21,27,39,20,0
866,25052010,4,9,37,40,23,47,0,42,44,3,7,34,33,0
867,28052010,19,11,8,20,46,7,0,10,26,12,6,27,36,0
868,01062010,6,15,30,34,31,18,0,45,37,11,47,35,7,0
869,04062010,22,42,18,30,6,16,0,16,43,3,14,8,11,0
870,08062010,4,37,10,8,35,22,0,24,10,13,18,4,7,0
871,11062010,14,16,23,49,4,9,0,50,40,9,43,20,44,0
872,15062010,34,33,36,31,29,18,0,20,31,48,45,40,32,0
873,18062010,46,5,9,8,2,47,0,40,1,10,38,47,46,0
874,22062010,20,19,7,42,4,38,0,37,5,11,24,7,19,0
875,25062010,10,40,7,12,8,18,0,20,9,15,45,11,22,0
876,29062010,47,24,2,19,44,15,0,23,37,15,41,40,17,0
877,02072010,33,28,41,14,30,18,0,22,49,38,6,7,32,0
878,06072010,1,36,48,28,30,43,0,10,40,49,47,13,35,0
879,09072010,19,13,22,45,49,17,0,1,20,13,37,25,18,0
880,13072010,18,42,6,27,19,33,0,46,22,47,33,7,48,0
881,16072010,33,49,36,29,23,21,0,34,5,18,28,20,46,0
882,20072010,14,21,31,12,45,19,0,18,35,12,10,1,24,0
883,23072010,6,38,1,32,50,12,0,11,8,9,15,18,38,0
884,27072010,14,43,27,47,9,23,0,16,21,37,23,31,43,0
885,30072010,19,46,1,9,13,11,0,49,32,10,4,33,25,0
886,03082010,8,27,29,11,35,21,0,34,11,42,49,8,15,0
887,06082010,40,17,11,24,25,31,0,28,37,3,1,29,2,0
888,10082010,41,28,7,9,11,40,0,40,12,39,28,27,13,0
889,13082010,45,21,25,15,49,22,0,8,50,12,32,39,29,0
890,17082010,5,33,19,3,49,18,0,28,45,18,33,27,40,0
891,20082010,21,15,13,48,6,36,0,18,49,2,30,20,41,0
892,24082010,19,8,5,36,42,43,0,47,36,32,29,48,16,0
893,27082010,12,29,14,24,38,22,0,6,19,40,13,7,47,0
894,31082010,45,50,6,1,47,37,0,9,23,41,48,43,12,0
895,03092010,34,23,26,20,29,47,0,3,18,43,35,13,17,0
896,08092010,29,4,35,43,28,45,0,9,38,27,47,17,1,0
897,10092010,4,26,3,32,10,34,0,33,12,13,3,32,31,0
898,14092010,7,46,37,44,42,43,0,15,36,5,18,29,32,0
899,17092010,23,9,37,43,39,42,0,12,23,2,8,7,46,0
900,21092010,17,9,27,38,40,35,0,10,28,21,46,41,29,0
901,24092010,5,45,11,40,46,2,0,13,36,24,31,15,25,0
902,28092010,33,19,6,40,7,3,0,35,47,37,39,23,45,0
903,01102010,37,27,8,33,49,3,0,4,20,44,27,15,40,0
904,05102010,44,36,14,3,47,29,0,24,35,39,29,20,11,0
905,08102010,26,22,35,15,34,5,0,4,5,7,31,44,29,0
906,13102010,29,40,18,17,30,15,0,18,23,48,16,1,12,0
907,15102010,25,5,37,29,13,4,0,28,24,48,9,25,38,0
908,19102010,14,36,37,44,27,45,0,21,29,17,8,1,46,0
909,22102010,20,16,33,30,3,49,0,25,43,28,23,33,17,0
910,26102010,8,50,15,19,30,16,0,28,43,42,47,35,27,0
911,29102010,35,47,1,27,6,28,0,14,5,44,10,25,24,0
912,03112010,40,42,29,28,3,14,0,34,8,39,12,40,50,0
913,05112010,40,28,33,27,17,32,0,18,34,33,25,2,49,0
914,09112010,1,26,41,2,47,45,0,13,3,48,40,30,4,0
915,12112010,24,35,13,8,19,34,0,42,31,11,47,43,25,0
916,16112010,39,14,36,38,6,48,0,39,4,2,16,27,28,0
917,19112010,1,38,26,44,30,39,0,32,5,48,12,28,39,0
918,23112010,24,42,1,19,26,21,0,21,42,43,23,37,34,0
919,26112010,36,45,8,11,28,30,0,18,7,46,5,31,34,0
920,30112010,22,10,30,40,29,12,0,43,38,3,4,30,23,0
921,03122010,49,11,2,8,32,30,0,5,21,33,41,43,47,0
922,07122010,12,44,39,20,34,3,0,42,3,29,12,46,23,0
923,10122010,47,46,33,30,10,45,0,31,32,16,15,9,35,0
924,14122010,44,21,38,4,1,41,0,15,32,12,29,18,33,0
925,17122010,22,38,39,23,36,48,0,39,43,9,36,49,11,0
926,21122010,44,1,19,32,35,6,0,11,32,12,29,22,46,0
927,24122010,48,1,50,9,20,39,0,17,33,27,37,19,40,0
928,28122010,22,46,16,9,5,4,0,4,45,40,47,19,36,0
929,31122010,34,44,35,25,33,6,0,7,43,24,36,30,22,0
930,04012011,39,49,9,37,34,11,0,20,33,45,1,2,13,0
931,07012011,2,43,47,3,16,4,0,40,42,30,18,21,26,0
932,11012011,26,17,40,2,39,15,0,1,39,9,3,42,29,0
933,14012011,49,32,26,19,13,11,0,32,12,18,1,38,6,0
934,18012011,45,35,23,3,6,50,0,2,24,36,40,5,32,0
935,21012011,1,48,28,47,25,36,0,19,32,7,22,17,1,0
936,25012011,49,50,16,43,25,23,0,46,47,10,41,16,14,0
937,28012011,33,35,18,9,41,15,0,43,36,21,41,40,24,0
938,01022011,20,47,13,31,10,37,0,39,7,27,14,3,41,0
939,04022011,47,12,6,34,23,15,0,45,42,27,19,8,50,0
940,08022011,41,40,10,9,17,14,0,17,4,37,8,24,26,0
941,11022011,13,11,22,4,29,31,0,25,13,26,10,45,50,0
942,15022011,2,15,47,20,39,29,0,8,22,2,37,46,4,0
943,18022011,7,32,23,41,25,43,0,46,18,19,17,15,48,0
944,22022011,6,20,45,30,9,25,0,21,43,47,42,18,7,0
945,25022011,1,17,25,20,26,41,0,23,38,39,40,2,11,0
946,01032011,26,12,18,46,31,32,0,17,27,46,36,34,48,0
947,04032011,7,23,20,9,46,15,0,19,35,46,25,32,2,0
948,09032011,10,6,11,26,31,28,0,5,39,46,34,15,21,0
949,11032011,17,24,28,8,36,14,0,14,22,35,29,24,16,0
950,15032011,19,47,12,39,7,2,0,16,45,28,30,3,15,0
951,18032011,2,21,15,45,16,14,0,15,37,36,42,25,45,0
952,22032011,33,22,36,39,23,49,0,35,50,13,11,3,36,0
953,25032011,32,40,34,45,30,3,0,50,41,38,44,25,16,0
954,29032011,42,49,47,19,23,16,0,22,32,34,44,26,46,0
955,01042011,48,49,40,17,5,29,0,31,41,11,9,40,14,0
956,05042011,42,34,27,35,32,25,0,34,19,39,49,41,17,0
957,08042011,10,50,41,8,31,49,0,11,26,22,25,6,46,0
958,12042011,8,17,40,32,2,31,0,21,12,9,30,16,2,0
959,15042011,4,47,9,46,20,21,0,18,15,1,2,12,44,0
960,19042011,19,11,2,36,41,10,0,36,23,50,3,14,22,0
961,23042011,47,16,23,36,32,35,0,42,49,13,24,48,46,0
962,26042011,2,40,24,6,13,50,0,2,35,12,44,31,24,0
963,29042011,39,5,11,13,10,37,0,30,31,40,12,7,48,0
964,03052011,12,2,47,37,14,34,0,27,12,34,49,3,18,0
965,06052011,9,4,35,29,28,5,0,6,29,47,37,10,14,0
966,10052011,43,19,48,21,3,47,0,13,30,10,15,12,38,0
967,13052011,9,48,22,27,28,33,0,16,35,48,49,13,6,0
968,17052011,43,19,23,13,14,46,0,45,32,17,47,6,26,0
969,20052011,21,36,28,8,19,26,0,8,30,16,34,35,21,0
970,24052011,14,34,30,22,13,9,0,42,18,36,26,33,5,0
971,27052011,45,5,37,19,48,47,0,3,16,38,42,45,5,0
972,31052011,45,4,19,47,34,11,0,17,49,27,26,8,3,0
973,03062011,33,45,47,4,28,9,0,50,43,20,19,42,46,0
974,07062011,2,23,37,21,3,48,0,46,24,49,17,40,8,0
975,10062011,49,13,23,40,24,1,0,12,40,46,37,25,34,0
976,14062011,5,16,10,47,4,30,0,50,32,21,2,45,24,0
977,17062011,10,7,18,29,47,3,0,15,35,6,3,23,18,0
978,21062011,11,2,16,37,22,32,0,15,10,18,28,30,14,0
979,24062011,8,30,35,39,15,14,0,21,15,7,38,43,39,0
980,28062011,44,17,28,1,12,4,0,42,11,2,39,37,8,0
981,01072011,19,44,10,15,47,12,0,19,26,4,21,24,35,0
982,05072011,25,10,33,5,23,38,0,48,16,34,21,39,49,0
983,08072011,48,11,12,50,36,7,0,37,33,24,26,36,43,0
984,12072011,14,22,11,50,1,41,0,16,14,21,5,18,26,0
985,15072011,27,10,18,8,36,24,0,14,19,4,48,30,42,0
986,19072011,41,16,12,7,34,4,0,21,39,36,47,33,12,0
987,22072011,23,22,4,38,26,49,0,31,48,15,41,4,24,0
988,26072011,23,6,31,29,12,32,0,46,34,33,26,10,17,0
989,29072011,33,47,49,35,5,29,0,44,41,45,37,23,15,0
990,02082011,33,12,50,49,7,36,0,29,48,22,43,4,5,0
991,05082011,6,34,43,3,47,24,0,33,32,41,19,3,13,0
992,09082011,22,14,25,39,11,36,0,14,18,26,15,46,28,0
993,12082011,49,16,26,38,2,3,0,30,20,33,50,4,45,0
994,16082011,1,39,44,28,4,20,0,15,49,18,43,2,35,0
995,19082011,5,43,3,21,50,46,0,47,2,16,22,24,39,0
996,23082011,31,21,33,30,36,14,0,34,20,28,31,9,41,0
997,26082011,39,47,20,14,48,8,0,8,49,7,30,34,10,0
998,30082011,11,40,5,18,13,2,0,3,4,35,40,1,8,0
999,02092011,23,30,36,27,20,4,0,19,37,14,43,1,26,0
1000,06092011,42,46,45,7,18,9,0,31,3,13,32,39,36,0
1001,09092011,26,23,29,46,39,34,0,12,2,21,35,42,43,0
1002,13092011,35,19,43,29,12,40,0,5,17,12,4,31,1,0
1003,16092011,6,30,18,19,48,37,0,19,33,27,35,18,43,0
1004,20092011,37,45,46,5,19,31,0,10,46,41,47,5,42,0
1005,23092011,23,12,49,29,33,40,0,4,45,19,32,35,41,0
1006,27092011,36,19,32,24,48,49,0,34,48,31,45,30,4,0
1007,30092011,43,28,26,24,32,29,0,11,33,43,5,19,25,0
1008,04102011,28,27,50,32,48,46,0,14,17,25,24,21,10,0
1009,07102011,28,35,19,7,36,16,0,43,35,7,22,13,11,0
1010,11102011,38,23,4,42,37,7,0,11,41,18,42,40,34,0
1011,14102011,10,9,32,47,39,18,0,8,6,5,47,3,41,0
1012,18102011,8,47,38,24,31,42,0,35,28,5,19,47,27,0
1013,21102011,45,42,28,36,18,7,0,15,21,25,45,39,38,0
1014,25102011,37,6,7,50,21,44,0,31,24,9,14,22,8,0
1015,28102011,31,6,7,33,25,14,0,2,1,38,4,46,36,0
1016,01112011,4,46,15,10,12,1,0,12,46,25,7,47,24,0
1017,04112011,34,25,5,45,14,47,0,32,17,14,33,46,44,0
1018,08112011,41,1,10,12,35,40,0,20,12,48,18,6,35,0
1019,11112011,38,9,39,27,46,10,0,42,46,19,34,33,40,0
1020,16112011,31,38,19,29,16,27,0,38,2,43,3,27,44,0
1021,18112011,44,10,50,1,3,18,0,21,11,37,42,35,10,0
1022,22112011,32,11,25,4,33,35,0,21,39,9,46,2,48,0
1023,25112011,44,15,39,14,49,18,0,39,16,40,47,50,27,0
1024,29112011,31,12,50,39,20,14,0,11,7,13,2,18,41,0
1025,02122011,30,42,39,8,28,12,0,45,21,29,31,38,2,0
1026,06122011,29,31,12,43,34,4,0,15,39,8,49,48,12,0
1027,09122011,13,11,16,1,43,8,0,30,35,4,27,39,19,0
1028,13122011,13,47,25,9,17,7,0,34,3,20,11,40,23,0
1029,16122011,22,19,16,30,45,25,0,39,28,3,42,26,4,0
1030,20122011,7,16,15,38,25,32,0,20,38,31,37,28,17,0
1031,23122011,43,26,2,3,42,35,0,30,9,4,26,28,44,0
1032,27122011,48,6,8,45,21,11,0,39,37,33,16,40,47,0
1033,30122011,22,19,20,24,45,28,0,44,42,12,13,21,17,0
1034,03012012,20,35,25,16,10,4,0,38,33,6,22,26,45,0
1035,06012012,31,45,29,20,15,9,0,24,23,44,39,31,40,0
1036,10012012,27,24,20,4,32,31,0,18,41,26,36,11,21,0
1037,13012012,18,48,26,6,21,27,0,20,26,31,22,15,5,0
1038,17012012,15,48,22,10,18,38,0,21,34,20,44,50,10,0
1039,20012012,3,7,10,23,13,8,0,2,41,14,19,45,16,0
1040,24012012,12,8,22,14,2,1,0,42,22,18,40,16,20,0
1041,27012012,12,28,5,14,36,9,0,32,31,27,37,16,33,0
1042,31012012,45,41,14,21,4,32,0,33,11,10,26,49,35,0
1043,03022012,25,46,23,15,20,4,0,19,9,44,6,45,41,0
1044,07022012,10,18,1,35,12,45,0,40,2,46,4,49,15,0
1045,10022012,47,13,19,1,38,8,0,49,45,21,7,40,28,0
1046,14022012,9,37,15,18,42,17,0,38,17,24,21,48,35,0
1047,17022012,28,49,42,37,3,31,0,47,30,8,18,17,36,0
1048,22022012,21,11,22,43,40,30,0,41,14,13,33,30,31,0
1049,24022012,14,49,2,44,33,46,0,8,22,29,33,38,41,0
1050,28022012,15,32,46,1,30,6,0,1,36,47,42,20,43,0
1051,02032012,1,29,50,3,36,15,0,42,26,20,23,3,9,0
1052,06032012,14,36,13,24,47,39,0,32,45,3,24,48,2,0
1053,09032012,25,10,22,5,40,12,0,10,42,19,9,11,4,0
1054,13032012,33,22,20,4,9,42,0,5,15,7,22,1,13,0
1055,16032012,34,1,15,45,40,23,0,47,6,46,3,11,32,0
1056,20032012,22,26,43,30,9,8,0,24,26,42,50,14,32,0
1057,23032012,8,2,25,4,7,5,0,13,34,26,41,5,27,0
1058,27032012,44,9,25,37,38,36,0,23,47,14,22,46,5,0
1059,30032012,37,49,7,45,27,40,0,14,26,42,29,34,43,0
1060,03042012,37,7,34,47,35,32,0,4,44,3,32,38,9,0
1061,05042012,37,8,24,17,18,2,0,27,9,35,49,4,18,0
1062,10042012,5,2,25,38,26,24,0,1,21,11,43,34,35,0
1063,13042012,8,38,11,15,16,43,0,21,4,26,6,44,28,0
1064,17042012,21,7,32,6,44,16,0,34,8,14,2,27,18,0
1065,20042012,35,3,47,27,14,36,0,46,14,8,18,5,21,0
1066,24042012,29,50,31,5,35,25,0,33,44,27,28,49,37,0
1067,27042012,37,4,8,15,36,50,0,22,18,31,21,49,36,0
1068,30042012,6,2,43,18,11,46,0,19,17,9,32,18,29,0
1069,04052012,9,18,49,17,37,28,0,17,13,34,48,30,3,0
1070,08052012,20,39,28,12,1,7,0,21,17,47,38,7,19,0
1071,11052012,14,21,6,12,31,44,0,20,37,15,10,38,22,0
1072,15052012,14,20,21,31,17,32,0,34,11,18,46,40,20,0
1073,18052012,32,48,29,21,18,3,0,49,43,4,22,29,46,0
1074,22052012,16,37,7,40,23,38,0,37,47,42,21,1,38,0
1075,25052012,23,35,15,14,4,5,0,30,13,48,4,33,11,0
1076,29052012,1,45,41,10,28,18,0,46,38,28,19,42,31,0
1077,01062012,25,31,14,21,19,3,0,30,9,39,8,10,13,0
1078,05062012,15,41,19,28,18,39,0,24,25,50,49,33,35,0
1079,08062012,9,12,15,10,17,39,0,13,43,30,5,6,47,0
1080,12062012,37,47,26,48,40,27,0,39,30,10,5,13,29,0
1081,15062012,48,26,7,6,37,11,0,24,19,10,2,21,4,0
1082,19062012,18,23,49,15,39,31,0,45,30,28,27,37,35,0
1083,22062012,5,9,38,37,32,13,0,39,10,21,9,11,19,0
1084,26062012,50,32,26,39,49,16,0,36,12,38,29,20,2,0
1085,29062012,19,32,16,39,38,34,0,2,45,32,19,33,5,0
1086,03072012,24,33,5,15,47,27,0,33,37,36,44,8,2,0
1087,06072012,42,25,1,16,4,36,0,43,3,9,15,14,8,0
1088,10072012,42,41,13,12,28,47,0,18,50,42,12,16,9,0
1089,13072012,42,30,27,28,23,41,0,38,42,45,31,33,6,0
1090,17072012,3,15,9,38,29,28,0,31,10,27,29,9,17,0
1091,20072012,40,27,35,48,7,1,0,7,9,21,38,17,18,0
1092,24072012,23,4,33,40,10,22,0,12,40,2,50,41,25,0
1093,27072012,32,44,37,50,40,25,0,5,24,23,15,38,41,0
1094,31072012,5,15,50,26,43,21,0,27,8,4,50,43,26,0
1095,03082012,9,50,49,22,43,23,0,17,34,20,10,11,28,0
1096,07082012,44,31,48,35,5,39,0,6,50,8,17,37,33,0
1097,10082012,43,7,14,42,41,18,0,48,42,10,35,26,11,0
1098,14082012,32,10,26,8,43,29,0,47,32,23,2,39,31,0
1099,17082012,25,40,46,20,15,48,0,31,46,4,30,7,41,0
1100,21082012,10,40,15,39,21,23,0,22,30,37,36,41,23,0
1101,24082012,30,36,12,45,31,17,0,23,46,25,13,6,31,0
1102,28082012,37,33,34,1,30,17,0,11,36,34,39,27,17,0
1103,31082012,42,20,35,2,28,18,0,40,43,44,41,13,2,0
1104,04092012,13,31,25,45,36,10,0,34,17,8,36,48,14,0
1105,06092012,26,46,24,5,34,17,0,39,22,49,18,31,47,0
1106,11092012,9,37,45,42,4,8,0,30,50,7,19,40,27,0
1107,14092012,16,6,31,43,45,2,0,50,15,16,19,31,47,0
1108,18092012,46,40,20,35,33,22,0,9,37,45,18,25,30,0
1109,21092012,13,19,31,15,27,18,0,19,7,34,36,13,24,0
1110,25092012,10,46,7,48,13,3,0,5,16,39,24,49,23,0
1111,28092012,18,3,1,42,26,46,0,16,44,49,14,35,6,0
1112,02102012,40,10,16,45,49,22,0,11,32,39,42,26,7,0
1113,05102012,1,22,34,24,31,39,0,48,47,29,8,18,6,0
1114,09102012,48,24,35,45,9,30,0,2,14,37,21,36,33,0
1115,11102012,17,6,18,50,11,39,0,22,21,7,35,40,14,0
1116,16102012,2,35,48,27,14,37,0,33,18,42,12,23,8,0
1117,19102012,45,20,7,46,43,34,0,41,31,49,17,22,30,0
1118,23102012,1,27,21,25,38,20,0,35,21,8,24,11,32,0
1119,26102012,3,9,13,19,2,7,0,31,30,35,8,11,13,0
1120,30102012,39,47,28,31,14,16,0,16,28,43,34,12,26,0
1121,01112012,38,17,19,34,3,24,0,13,28,20,50,4,5,0
1122,06112012,22,34,26,6,13,41,0,20,48,26,42,21,13,0
1123,09112012,34,40,6,20,5,45,0,16,18,34,26,33,37,0
1124,13112012,8,44,18,29,49,28,0,18,23,5,12,19,40,0
1125,16112012,35,9,22,31,47,17,0,35,13,7,40,22,33,0
1126,20112012,16,50,29,27,11,47,0,39,24,50,19,46,34,0
1127,23112012,12,48,22,8,17,37,0,30,13,46,19,10,17,0
1128,27112012,31,43,10,42,6,9,0,8,45,36,1,30,46,0
1129,30112012,39,23,6,47,18,15,0,25,10,1,26,36,12,0
1130,04122012,38,15,26,37,47,10,0,12,6,24,19,43,9,0
1131,07122012,19,22,1,5,24,35,0,11,36,39,8,3,22,0
1132,11122012,31,27,46,36,49,38,0,42,1,14,44,35,22,0
1133,14122012,35,8,50,42,44,28,0,41,32,49,10,34,48,0
1134,18122012,49,13,7,36,4,41,0,28,1,5,3,33,12,0
1135,21122012,23,40,8,17,9,12,0,32,3,26,21,37,25,0
1136,24122012,43,20,21,27,33,24,0,12,15,5,43,38,46,0
1137,28122012,43,14,34,49,24,6,0,14,34,24,12,40,31,0
1138,31122012,4,5,32,14,23,41,0,37,21,17,20,4,6,0
1139,04012013,33,26,22,20,21,50,0,16,30,11,10,5,8,0
1140,08012013,10,37,5,38,20,16,0,3,2,27,32,20,17,0
1141,11012013,15,37,22,19,28,25,0,31,44,27,11,34,39,0
1142,15012013,33,49,24,14,45,26,0,25,8,20,50,19,32,0
1143,18012013,45,47,32,49,46,23,0,37,5,19,27,8,22,0
1144,22012013,5,46,21,47,1,35,0,49,34,11,27,47,40,0
1145,25012013,39,35,16,24,4,12,0,8,39,10,11,2,30,0
1146,29012013,18,40,10,2,35,25,0,5,2,11,36,48,49,0
1147,01022013,42,7,20,39,29,22,0,1,21,12,35,19,39,0
1148,05022013,18,3,33,11,23,35,0,39,25,10,22,12,15,0
1149,08022013,5,13,30,33,45,17,0,18,1,3,37,23,48,0
1150,13022013,2,3,24,10,37,30,0,1,7,32,36,3,10,0
1151,15022013,9,21,10,18,13,44,0,41,4,47,35,28,22,0
1152,19022013,13,1,32,21,33,11,0,49,38,2,13,3,28,0
1153,22022013,25,43,28,36,8,34,0,19,49,48,28,25,32,0
1154,26022013,10,28,47,41,11,31,0,37,24,1,49,22,9,0
1155,01032013,19,15,9,26,44,47,0,9,37,33,15,20,18,0
1156,05032013,10,33,23,11,28,25,0,29,2,35,25,10,32,0
1157,08032013,22,17,50,44,49,24,0,37,19,49,43,40,23,0
1158,12032013,45,50,48,4,17,46,0,7,21,46,45,36,19,0
1159,15032013,4,28,42,18,19,40,0,50,29,28,30,45,9,0
1160,19032013,13,8,49,5,41,14,0,38,18,48,11,42,37,0
1161,22032013,32,16,14,27,44,11,0,49,13,25,30,35,16,0
1162,26032013,15,17,25,4,44,42,0,14,21,45,36,27,6,0
1163,30032013,43,37,49,20,19,24,0,5,46,48,8,33,16,0
1164,02042013,7,8,32,6,10,11,0,39,35,28,4,20,8,0
1165,05042013,30,13,41,38,4,3,0,11,23,28,36,14,15,0
1166,09042013,38,35,3,41,9,44,0,41,48,9,5,35,3,0
1167,12042013,16,5,43,25,26,19,0,30,22,34,27,28,31,0
1168,16042013,41,31,27,4,37,26,0,18,10,20,47,33,34,0
1169,19042013,20,50,37,18,28,26,0,4,45,14,13,42,41,0
1170,23042013,43,19,3,14,39,29,0,26,22,4,39,16,40,0
1171,26042013,19,44,26,22,32,43,0,2,5,20,47,44,22,0
1172,30042013,16,40,41,25,46,13,0,22,7,49,14,5,3,0
1173,03052013,35,26,44,21,11,1,0,24,4,36,44,49,10,0
1174,07052013,47,42,26,10,4,9,0,3,39,10,28,9,45,0
1175,10052013,35,5,19,28,6,22,0,37,12,2,20,9,31,0
1176,14052013,14,50,26,39,47,17,0,1,39,19,29,36,23,0
1177,17052013,34,7,16,32,21,8,0,3,5,32,50,45,38,0
1178,21052013,11,25,39,17,33,46,0,6,15,34,10,3,22,0
1179,24052013,44,22,26,48,20,41,0,15,26,32,13,14,10,0
1180,28052013,21,11,46,4,40,6,0,45,46,15,31,8,44,0
1181,31052013,10,22,34,44,13,23,0,17,9,7,33,26,36,0
1182,04062013,47,35,1,20,46,11,0,1,42,31,18,24,6,0
1183,07062013,12,27,3,17,25,35,0,27,10,17,18,23,31,0
1184,11062013,7,13,42,3,23,6,0,38,19,49,20,7,11,0
1185,14062013,31,19,23,28,27,36,0,46,49,25,1,45,22,0
1186,18062013,19,35,45,15,26,39,0,38,44,6,25,3,45,0
1187,21062013,13,43,38,12,33,30,0,31,16,25,40,19,21,0
1188,25062013,13,33,36,21,30,25,0,32,42,41,36,6,10,0
1189,28062013,15,42,49,20,31,35,0,2,43,42,47,27,39,0
1190,02072013,49,45,16,3,39,27,0,2,41,48,13,26,23,0
1191,05072013,15,11,46,13,7,45,0,45,32,38,13,37,43,0
1192,09072013,45,46,16,10,24,23,0,21,8,1,30,49,33,0
1193,12072013,45,22,50,37,11,14,0,45,22,33,20,8,24,0
1194,16072013,38,3,4,29,43,8,0,32,13,45,19,16,38,0
1195,19072013,36,14,41,16,15,10,0,22,17,24,1,28,12,0
1196,23072013,48,39,10,44,29,2,0,46,41,32,24,29,23,0
1197,26072013,36,44,12,8,1,30,0,26,21,36,48,14,1,0
1198,30072013,40,18,16,47,27,33,0,35,15,20,7,12,44,0
1199,02082013,37,18,42,38,6,16,0,36,40,42,7,16,6,0
1200,06082013,44,31,2,42,41,9,0,30,36,44,39,19,20,0
1201,09082013,39,46,44,45,42,43,0,7,35,41,24,39,15,0
1202,13082013,2,18,28,40,9,25,0,43,45,4,49,2,17,0
1203,16082013,27,17,42,29,6,41,0,14,43,47,5,1,22,0
1204,20082013,32,23,38,29,45,28,0,30,11,46,44,29,33,0
1205,23082013,17,14,47,15,13,8,0,44,28,24,7,3,21,0
1206,27082013,30,18,10,15,3,39,0,4,40,12,50,19,37,0
1207,30082013,37,43,14,24,38,42,0,22,11,45,42,49,7,0
1208,03092013,12,20,33,40,7,2,0,23,36,37,11,20,24,0
1209,06092013,5,8,28,33,46,43,0,47,30,50,9,24,34,0
1210,10092013,44,16,7,40,20,11,0,44,35,23,18,38,39,0
1211,13092013,9,38,21,19,30,12,0,23,7,36,5,14,35,0
1212,17092013,15,4,47,32,45,29,0,37,25,49,14,28,43,0
1213,20092013,23,46,24,9,7,30,0,9,20,26,45,43,18,0
1214,24092013,11,30,13,8,5,1,0,25,21,40,19,42,2,0
1215,27092013,39,21,23,34,3,5,0,29,14,8,42,24,38,0
1216,01102013,34,8,20,35,38,40,0,24,3,4,37,21,30,0
1217,04102013,21,29,41,38,42,40,0,13,19,43,9,25,4,0
1218,08102013,50,28,9,44,33,45,0,39,33,15,35,44,6,0
1219,11102013,29,16,14,46,21,36,0,5,16,23,42,50,7,0
1220,15102013,33,48,40,4,6,39,0,22,17,40,50,39,25,0
1221,18102013,48,41,16,42,45,13,0,1,4,9,34,18,20,0
1222,22102013,9,16,20,14,36,7,0,36,10,41,29,26,22,0
1223,25102013,39,16,22,43,12,28,0,30,40,26,32,35,45,0
1224,29102013,20,14,2,11,36,35,0,45,7,25,22,24,42,0
1225,01112013,18,5,11,48,21,40,0,49,47,11,35,1,42,0
1226,05112013,4,19,41,1,33,25,0,13,12,10,27,34,11,0
1227,08112013,32,27,39,10,2,26,0,29,33,36,45,48,4,0
1228,12112013,42,50,49,18,30,14,0,41,45,13,49,48,32,0
1229,16112013,43,8,16,11,7,41,0,30,29,17,25,27,38,0
1230,19112013,23,29,33,8,15,45,0,7,28,12,25,24,16,0
1231,22112013,21,27,50,11,35,6,0,1,20,30,37,17,31,0
1232,26112013,24,30,36,7,45,6,0,47,18,33,22,7,23,0
1233,29112013,28,20,16,4,37,31,0,1,39,37,47,18,2,0
1234,03122013,48,4,5,1,28,18,0,20,38,5,13,28,8,0
1235,06122013,24,37,25,27,41,19,0,10,34,48,15,22,19,0
1236,10122013,20,12,16,17,28,34,0,30,23,4,48,20,50,0
1237,13122013,37,31,23,6,4,12,0,38,42,33,36,5,46,0
1238,17122013,18,16,39,43,21,50,0,49,1,18,33,40,34,0
1239,20122013,40,1,7,31,12,20,0,38,40,28,44,45,14,0
1240,24122013,15,48,46,4,41,23,0,6,2,29,35,41,39,0
1241,27122013,25,38,27,47,11,24,0,16,18,6,9,17,36,0
1242,31122013,44,40,25,43,3,17,0,29,46,17,27,2,49,0
1243,03012014,40,22,8,43,17,24,0,29,18,36,47,35,43,0
1244,07012014,16,19,10,40,39,11,0,2,17,50,22,19,41,0
1245,10012014,50,29,45,3,4,23,0,30,2,42,7,28,18,0
1246,14012014,46,22,31,48,26,11,0,45,29,37,38,30,21,0
1247,17012014,17,1,38,30,25,19,0,23,43,48,4,1,18,0
1248,21012014,50,12,34,28,15,46,0,41,1,12,26,24,11,0
1249,24012014,14,34,43,18,49,23,0,42,31,20,48,26,11,0
1250,28012014,38,18,28,42,7,46,0,6,10,46,21,26,5,0
1251,31012014,36,35,3,32,46,17,0,31,8,7,24,20,6,0
1252,04022014,2,18,11,48,41,43,0,5,2,18,30,32,37,0
1253,07022014,34,21,23,39,13,2,0,34,45,9,38,16,42,0
1254,11022014,23,10,32,13,5,20,0,6,13,39,3,12,50,0
1255,14022014,7,4,32,27,14,41,0,36,47,12,29,6,5,0
1256,18022014,15,43,38,20,42,25,0,40,18,28,8,11,47,0
1257,21022014,18,27,42,36,31,12,0,43,23,30,16,45,49,0
1258,25022014,23,5,10,43,8,31,0,26,11,18,33,48,8,0
1259,28022014,50,13,5,44,45,15,0,38,35,9,20,10,50,0
1260,05032014,18,23,28,44,8,26,0,13,6,27,2,24,42,0
1261,07032014,4,26,16,17,47,43,0,42,19,27,32,16,23,0
1262,11032014,40,34,39,19,3,9,0,40,50,14,5,31,42,0
1263,14032014,3,35,48,4,11,50,0,24,13,35,43,41,31,0
1264,18032014,43,48,34,15,29,8,0,8,23,14,18,40,20,0
1265,21032014,3,32,34,44,28,43,0,43,6,40,26,12,38,0
1266,25032014,22,42,7,43,14,25,0,24,22,39,36,25,26,0
1267,28032014,49,36,15,9,12,50,0,7,39,42,18,2,19,0
1268,01042014,27,12,10,4,20,6,0,9,6,20,12,5,34,0
1269,04042014,28,33,12,14,19,3,0,8,33,39,11,41,3,0
1270,08042014,11,5,16,13,20,4,0,14,17,20,30,26,32,0
1271,11042014,1,39,49,33,3,30,0,26,8,40,46,16,21,0
1272,15042014,29,27,30,17,2,1,0,18,21,14,17,27,2,0
1273,17042014,34,25,19,46,13,44,0,33,16,17,19,14,28,0
1274,22042014,12,47,43,18,19,44,0,10,43,25,1,17,2,0
1275,25042014,47,44,1,42,15,39,0,7,33,4,39,38,42,0
1276,29042014,17,14,32,27,45,42,0,29,45,17,35,36,43,0
1277,02052014,31,14,45,40,49,35,0,36,3,23,31,41,13,0
1278,06052014,8,31,13,38,45,4,0,40,33,50,9,32,12,0
1279,09052014,45,38,40,22,31,24,0,35,47,28,46,25,8,0
1280,13052014,22,34,41,37,25,46,0,14,40,29,4,1,2,0
1281,16052014,26,35,19,46,40,34,0,42,50,38,2,45,13,0
1282,20052014,18,45,11,20,31,39,0,4,11,47,27,12,15,0
1283,23052014,41,17,34,14,45,26,0,17,19,1,33,39,27,0
1284,27052014,4,50,26,18,23,29,0,17,6,14,30,7,38,0
1285,30052014,36,5,24,40,17,31,0,40,45,31,37,18,12,0
1286,03062014,20,28,27,50,38,36,0,28,15,35,41,29,46,0
1287,06062014,43,24,45,33,5,25,0,1,10,49,6,4,47,0
1288,10062014,20,41,3,40,29,4,0,36,27,34,32,14,12,0
1289,13062014,27,31,37,14,39,28,0,27,45,11,36,41,31,0
1290,17062014,34,26,2,40,22,25,0,32,35,16,31,41,24,0
1291,20062014,15,22,42,16,44,38,0,50,44,20,3,32,46,0
1292,24062014,27,7,6,14,8,35,0,49,45,3,6,15,20,0
1293,27062014,14,9,46,24,17,37,0,49,16,20,41,5,27,0
1294,01072014,10,36,19,43,8,22,0,2,49,14,18,6,46,0
1295,04072014,1,4,37,11,45,23,0,15,13,36,32,29,35,0
1296,08072014,37,20,5,43,31,16,0,47,12,3,36,18,33,0
1297,11072014,6,45,13,10,34,21,0,47,28,25,44,27,19,0
1298,15072014,44,20,8,11,27,26,0,10,23,32,48,16,20,0
1299,18072014,3,37,42,11,49,33,0,11,1,35,48,32,13,0
1300,22072014,32,9,20,12,19,29,0,7,45,36,41,21,9,0
1301,25072014,1,27,14,45,8,10,0,35,27,2,26,20,30,0
1302,29072014,15,7,48,27,49,13,0,9,13,50,48,12,4,0
1303,01082014,12,30,22,2,15,43,0,22,48,11,35,29,36,0
1304,05082014,49,38,7,42,41,27,0,5,12,33,16,1,31,0
1305,08082014,9,31,28,41,23,32,0,9,28,38,19,6,45,0
1306,12082014,2,19,11,13,39,49,0,19,24,46,17,31,16,0
1307,15082014,4,36,40,22,48,35,0,45,22,9,28,44,34,0
1308,19082014,6,18,30,32,10,24,0,42,36,30,11,41,15,0
1309,22082014,40,26,14,9,20,7,0,31,4,44,14,20,25,0
1310,26082014,25,2,33,3,19,29,0,7,25,4,11,44,27,0
1311,29082014,15,38,31,1,4,42,0,33,39,20,23,36,15,0
1312,02092014,50,43,46,48,33,6,0,38,6,21,45,19,24,0
1313,05092014,42,29,19,17,25,4,0,25,23,12,27,3,2,0
1314,09092014,16,49,41,25,24,13,0,25,29,39,8,36,47,0
1315,12092014,40,13,45,3,4,8,0,2,9,28,6,29,18,0
1316,16092014,49,35,29,2,14,50,0,4,26,35,28,13,9,0
1317,19092014,42,3,49,29,14,12,0,29,22,20,46,42,21,0
1318,23092014,38,18,3,47,9,46,0,46,8,27,38,50,35,0
1319,26092014,5,21,42,45,11,24,0,16,34,21,30,8,27,0
1320,30092014,41,24,23,35,6,43,0,11,13,29,4,47,50,0
1321,03102014,39,6,10,32,43,47,0,11,25,21,29,26,27,0
1322,07102014,31,47,41,2,42,50,0,24,29,43,46,21,16,0
1323,10102014,5,28,29,41,9,4,0,44,12,35,34,42,48,0
1324,14102014,26,9,33,23,15,10,0,22,31,33,37,38,27,0
1325,17102014,25,6,39,45,4,9,0,12,48,5,16,10,42,0
1326,21102014,15,20,9,26,7,33,0,40,9,3,22,11,18,0
1327,24102014,19,41,33,24,50,30,0,44,35,8,14,41,47,0
1328,28102014,16,5,46,45,36,3,0,42,46,18,8,49,44,0
1329,31102014,10,24,13,36,1,50,0,5,34,27,38,14,3,0
1330,04112014,38,32,50,12,13,10,0,10,30,50,11,23,47,0
1331,07112014,12,28,36,31,1,38,0,7,23,44,5,39,28,0
1332,11112014,19,5,37,28,45,22,0,33,18,39,40,42,8,0
1333,14112014,12,15,6,36,47,25,0,2,9,17,6,15,50,0
1334,18112014,44,39,24,46,16,29,0,22,46,7,15,29,21,0
1335,21112014,48,10,20,40,27,2,0,20,46,45,22,34,5,0
1336,25112014,30,12,41,28,18,24,0,18,10,28,7,50,15,0
1337,28112014,48,29,21,17,20,4,0,33,22,43,49,38,15,0
1338,02122014,39,42,1,9,7,45,0,19,4,23,21,22,11,0
1339,05122014,31,4,39,16,13,2,0,7,44,10,16,30,4,0
1340,09122014,36,24,26,33,21,34,0,18,27,37,26,5,23,0
1341,12122014,26,32,35,14,50,39,0,14,29,2,45,38,13,0
1342,16122014,5,27,7,50,24,16,0,34,40,10,45,42,2,0
1343,19122014,12,47,9,14,48,3,0,49,31,34,26,33,10,0
1344,23122014,24,19,39,7,37,23,0,5,46,27,31,29,3,0
1345,26122014,15,49,33,4,31,14,0,31,15,24,41,37,32,0
1346,30122014,42,49,21,25,29,1,0,4,19,9,3,23,42,0
1347,02012015,31,11,46,49,50,38,0,14,31,38,19,5,39,0
1348,06012015,35,21,23,33,30,32,0,6,11,9,22,10,21,0
1349,09012015,33,18,16,24,42,9,0,17,37,48,34,49,19,0
1350,13012015,30,48,39,42,35,2,0,25,35,27,48,21,24,0
1351,16012015,35,2,44,11,20,31,0,36,14,38,48,2,28,0
1352,20012015,29,1,50,8,7,33,0,27,7,6,22,43,15,0
1353,23012015,8,4,11,25,29,30,0,35,9,20,2,21,16,0
1354,27012015,44,22,25,12,41,30,0,42,7,37,31,45,30,0
1355,30012015,32,38,4,10,24,22,0,38,44,16,31,10,41,0
1356,03022015,47,16,46,4,45,21,0,46,43,16,33,36,34,0
1357,06022015,15,30,50,6,35,20,0,12,33,34,28,5,21,0
1358,10022015,47,21,5,9,43,33,0,35,40,46,20,49,31,0
1359,13022015,21,11,42,7,5,1,0,47,35,36,18,15,27,0
1360,18022015,27,44,21,14,19,49,0,12,35,23,17,15,34,0
1361,20022015,44,19,14,25,47,15,0,3,37,18,32,8,10,0
1362,24022015,8,23,39,2,46,42,0,18,42,39,33,7,11,0
1363,27022015,45,3,50,2,20,44,0,12,3,44,2,46,25,0
1364,03032015,43,3,40,31,37,49,0,14,21,4,50,30,45,0
1365,06032015,41,10,2,45,47,19,0,43,1,29,33,2,28,0
1366,10032015,39,41,20,21,14,7,0,10,44,41,35,46,28,0
1367,13032015,39,7,28,49,44,45,0,47,21,30,15,31,33,0
1368,17032015,13,43,39,10,48,17,0,33,43,47,45,30,37,0
1369,20032015,30,26,23,39,33,15,0,14,23,20,4,16,30,0
1370,24032015,28,38,43,15,45,49,0,29,43,5,21,40,18,0
1371,27032015,21,32,15,31,35,23,0,35,16,10,21,11,18,0
1372,31032015,35,23,46,41,48,33,0,24,5,2,25,6,15,0
1373,02042015,47,50,42,40,5,15,0,33,39,13,46,6,26,0
1374,07042015,45,13,26,32,49,4,0,10,36,9,1,3,50,0
1375,10042015,34,12,44,3,47,2,0,8,12,35,49,1,20,0
1376,14042015,19,39,29,49,5,1,0,43,34,1,35,5,16,0
1377,17042015,6,15,48,21,27,38,0,19,41,23,29,33,3,0
1378,22042015,28,4,36,13,14,24,0,28,50,49,39,23,20,0
1379,24042015,46,49,39,8,10,30,0,3,34,23,46,45,22,0
1380,28042015,9,1,31,13,30,28,0,30,17,46,27,36,29,0
1381,30042015,39,2,25,42,1,12,0,47,33,29,42,24,7,0
1382,05052015,6,34,40,49,15,37,0,20,5,19,23,3,21,0
1383,08052015,42,31,15,21,36,19,0,42,35,3,24,1,31,0
1384,12052015,41,50,21,45,35,23,0,41,34,44,12,6,20,0
1385,15052015,47,46,2,36,28,27,0,21,7,13,14,16,2,0
1386,19052015,13,1,25,18,28,38,0,35,16,44,12,27,5,0
1387,22052015,7,23,39,42,18,27,0,35,20,34,39,2,11,0
1388,26052015,45,14,44,19,7,32,0,35,21,24,45,19,9,0
1389,29052015,2,37,46,36,15,14,0,18,37,33,14,8,17,0
1390,02062015,15,17,35,10,39,47,0,17,40,1,42,29,10,0
1391,05062015,23,27,34,25,38,49,0,40,22,7,21,30,26,0
1392,09062015,15,40,1,24,6,11,0,36,31,32,18,30,9,0
1393,12062015,19,35,11,8,3,29,0,5,29,23,49,43,17,0
1394,16062015,40,47,4,32,13,30,0,26,25,19,49,50,13,0
1395,19062015,47,15,42,27,29,22,0,13,5,47,19,25,43,0
1396,23062015,31,3,27,46,26,21,0,12,10,44,18,42,40,0
1397,26062015,25,2,3,6,30,44,0,16,17,42,45,13,39,0
1398,30062015,43,20,41,48,6,17,0,31,42,12,8,23,50,0
1399,03072015,42,31,34,49,1,33,0,41,24,12,47,18,4,0
1400,07072015,2,45,37,27,11,8,0,7,11,8,33,38,36,0
1401,10072015,44,25,34,47,8,21,0,24,46,29,31,12,38,0
1402,14072015,2,1,41,23,19,36,0,16,48,34,1,47,31,0
1403,17072015,30,6,36,8,27,25,0,27,17,20,47,22,14,0
1404,21072015,28,8,27,40,34,48,0,35,13,3,23,4,11,0
1405,24072015,26,14,46,10,45,28,0,26,39,36,13,32,21,0
1406,28072015,12,16,42,37,13,23,0,48,2,22,28,42,41,0
1407,31072015,35,46,17,40,34,48,0,50,41,13,40,18,33,0
1408,04082015,22,29,42,14,5,2,0,9,50,27,40,30,15,0
1409,07082015,43,14,17,12,18,25,0,24,48,32,25,30,6,0
1410,11082015,4,17,36,34,16,46,0,24,11,30,27,21,49,0
1411,14082015,14,34,48,4,38,19,0,33,9,21,44,1,29,0
1412,18082015,6,3,22,24,33,29,0,32,25,49,10,2,15,0
1413,21082015,3,36,43,12,50,27,0,45,6,42,4,48,12,0
1414,25082015,29,34,25,2,37,45,0,6,19,9,25,13,30,0
1415,28082015,35,41,13,36,15,28,0,21,28,25,29,7,6,0
1416,01092015,30,50,16,43,3,38,0,34,19,30,8,22,42,0
1417,04092015,26,29,4,2,48,20,0,9,36,3,47,11,18,0
1418,08092015,39,33,37,14,31,32,0,32,23,27,21,14,46,0
1419,11092015,31,17,15,24,20,46,0,28,31,4,32,25,38,0
1420,15092015,22,1,40,45,36,10,0,33,49,27,50,22,40,0
1421,18092015,36,39,29,41,47,3,0,39,19,12,1,11,48,0
1422,22092015,18,45,31,36,24,32,0,33,4,11,31,43,26,0
1423,25092015,21,43,28,23,12,13,0,39,2,10,49,47,17,0
1424,29092015,23,39,14,28,49,15,0,17,6,3,21,36,27,0
1425,02102015,27,2,12,35,34,47,0,31,33,46,42,22,45,0
1426,06102015,26,1,8,21,24,11,0,23,47,34,32,33,25,0
1427,09102015,33,36,13,48,27,24,0,3,32,37,42,25,4,0
1428,13102015,11,19,31,28,38,24,0,14,21,1,45,27,28,0
1429,16102015,1,44,8,22,31,26,0,9,20,15,40,25,35,0
1430,20102015,12,32,2,8,22,7,0,30,15,14,45,34,18,0
1431,23102015,17,7,10,30,20,42,0,16,7,25,14,22,17,0
1432,27102015,40,46,36,9,23,27,0,20,32,39,26,30,4,0
1433,30102015,5,30,6,23,41,33,0,50,11,45,32,12,30,0
1434,03112015,24,32,15,7,39,30,0,29,26,22,36,6,8,0
1435,06112015,42,7,1,46,36,33,0,24,50,7,36,6,43,0
1436,10112015,20,45,29,7,5,49,0,3,42,13,48,26,19,0
1437,13112015,3,24,43,44,18,41,0,41,14,28,2,32,36,0
1438,17112015,2,5,30,46,26,27,0,21,38,8,19,13,23,0
1439,20112015,9,30,2,4,3,31,0,17,32,14,36,19,2,0
1440,24112015,12,3,2,6,37,16,0,48,42,12,31,23,49,0
1441,27112015,24,2,45,11,22,4,0,24,22,50,46,11,29,0
1442,01122015,9,7,2,25,34,20,0,21,26,45,12,6,22,0
1443,04122015,41,18,15,3,12,17,0,5,4,20,24,45,16,0
1444,08122015,20,35,42,40,39,12,0,14,37,9,34,49,16,0
1445,11122015,49,20,21,38,37,30,0,13,18,9,36,5,46,0
1446,15122015,11,34,35,4,30,47,0,45,11,46,24,32,36,0
1447,18122015,14,37,34,2,40,4,0,11,36,6,37,22,2,0
1448,22122015,44,50,16,23,43,10,0,7,29,18,1,15,32,0
1449,26122015,45,42,3,22,9,2,0,10,24,20,49,46,38,0
1450,29122015,36,34,24,47,46,7,0,4,6,17,16,38,46,0
1451,02012016,29,21,27,41,3,11,0,19,40,29,7,2,27,0
1452,05012016,42,41,24,8,21,1,0,24,16,23,46,26,48,0
1453,09012016,14,23,20,26,8,45,0,35,39,41,43,36,34,0
1454,12012016,42,17,26,3,41,44,0,50,7,9,33,16,42,0
1455,15012016,18,44,20,36,14,23,0,27,48,4,17,31,40,0
1456,19012016,49,37,26,23,25,47,0,49,32,9,6,22,46,0
1457,22012016,13,29,31,45,15,42,0,9,41,46,12,16,5,0
1458,26012016,35,17,1,16,29,14,0,50,6,40,47,30,35,0
1459,29012016,35,30,24,44,14,20,0,8,25,4,15,45,41,0
1460,02022016,36,49,50,21,12,25,0,46,15,27,22,36,4,0
1461,05022016,10,8,33,13,42,12,0,18,21,19,15,24,1,0
1462,10022016,8,47,46,24,3,26,0,39,12,38,35,48,42,0
1463,12022016,11,33,25,29,49,22,0,38,19,47,33,46,3,0
1464,16022016,42,24,22,38,41,48,0,22,38,10,18,37,31,0
1465,19022016,27,25,48,43,37,10,0,28,17,31,34,36,19,0
1466,23022016,36,35,45,22,34,50,0,34,26,48,23,27,18,0
1467,26022016,10,32,15,36,7,37,0,14,7,11,46,16,26,0
1468,01032016,41,2,14,18,19,11,0,41,31,17,8,33,1,0
1469,04032016,33,23,7,5,35,17,0,14,32,16,35,13,39,0
1470,08032016,26,44,38,8,18,49,0,45,39,1,28,15,35,0
1471,11032016,22,24,19,43,3,2,0,16,7,22,11,30,46,0
1472,15032016,43,46,4,30,8,15,0,26,8,32,36,50,7,0
1473,18032016,19,9,30,24,39,8,0,28,44,41,30,26,15,0
1474,22032016,9,47,3,22,38,28,0,36,48,24,12,22,39,0
1475,24032016,39,38,30,14,50,49,0,45,26,3,43,36,29,0
1476,29032016,39,12,25,4,33,19,0,15,7,6,26,23,30,0
1477,01042016,40,28,46,19,23,12,0,1,24,22,27,36,43,0
1478,05042016,12,13,1,19,34,32,0,36,31,32,8,27,5,0
1479,08042016,20,22,33,31,35,2,0,11,48,7,40,50,44,0
1480,12042016,26,20,41,4,19,49,0,2,12,10,8,25,41,0
1481,15042016,42,40,39,8,24,33,0,46,19,35,28,4,18,0
1482,19042016,11,38,24,27,2,32,0,30,40,50,15,12,2,0
1483,22042016,29,7,43,49,34,11,0,22,9,24,44,36,5,0
1484,26042016,34,4,5,20,11,36,0,21,49,34,18,3,17,0
1485,28042016,20,46,36,19,18,8,0,28,19,40,32,12,46,0
1486,30042016,36,44,22,30,24,48,0,29,12,8,31,13,17,0
1487,03052016,17,12,23,38,22,40,0,44,11,39,9,18,12,0
1488,05052016,47,18,16,25,29,23,0,42,11,37,6,39,35,0
1489,07052016,18,11,22,30,27,32,0,40,35,45,46,44,2,0
1490,10052016,32,3,39,5,33,48,0,28,38,25,2,21,26,0
1491,12052016,43,31,48,22,14,20,0,44,1,38,20,46,40,0
1492,14052016,12,18,16,45,36,4,0,34,28,35,30,18,50,0
1493,17052016,22,35,1,5,45,39,0,29,12,36,25,2,50,0
1494,19052016,26,3,50,47,31,34,0,20,46,48,29,22,40,0
1495,21052016,47,41,43,6,5,40,0,15,33,6,9,26,41,0
1496,24052016,41,49,3,1,8,13,0,14,6,9,25,1,17,0
1497,28052016,4,3,12,30,42,32,0,47,41,23,29,26,35,0
1498,31052016,19,25,5,44,26,13,0,5,41,19,49,18,15,0
1499,02062016,45,26,29,34,37,24,0,2,17,49,41,31,20,0
1500,04062016,22,36,33,12,14,50,0,20,49,18,32,29,41,0
1501,07062016,9,18,15,16,38,2,0,39,15,36,1,8,14,0
1502,09062016,19,12,7,50,8,2,0,42,11,30,24,47,6,0
1503,11062016,30,24,13,1,23,6,0,38,35,1,44,24,41,0
1504,14062016,20,47,38,1,27,18,0,12,11,25,9,2,10,0
1505,16062016,26,3,27,25,10,42,0,42,13,3,22,43,5,0
1506,18062016,2,4,47,28,13,5,0,47,45,37,17,16,44,0
1507,21062016,30,45,41,31,3,14,0,29,40,28,42,9,17,0
1508,23062016,12,31,33,19,49,39,0,4,15,44,37,10,33,0
1509,25062016,11,9,15,21,28,3,0,47,9,5,12,13,35,0
1510,28062016,5,16,50,41,26,18,0,32,42,47,9,23,33,0
1511,30062016,13,28,29,25,34,16,0,43,1,45,35,36,34,0
1512,02072016,25,17,22,32,26,42,0,21,38,2,43,28,44,0
1513,05072016,39,41,37,25,31,5,0,35,44,37,7,8,14,0
1514,07072016,46,43,34,21,41,11,0,32,49,11,16,42,40,0
1515,09072016,32,26,46,33,17,40,0,50,16,6,7,18,49,0
1516,12072016,30,24,49,39,1,26,0,19,14,43,18,34,4,0
1517,14072016,27,16,24,35,50,48,0,9,11,35,17,30,21,0
1518,16072016,5,10,25,20,27,24,0,24,2,33,28,48,29,0
1519,19072016,3,42,17,33,49,2,0,28,20,41,14,24,9,0
1520,21072016,44,2,5,46,9,50,0,46,30,23,12,4,39,0
1521,23072016,20,39,42,33,3,19,0,42,2,18,37,49,38,0
1522,26072016,38,33,12,25,42,18,0,25,4,1,5,40,23,0
1523,28072016,35,6,4,20,37,12,0,35,6,9,20,19,38,0
1524,30072016,7,35,49,34,21,2,0,31,29,13,41,7,20,0
1525,02082016,47,33,17,31,15,6,0,11,49,23,1,21,43,0
1526,04082016,43,15,7,25,5,3,0,39,15,12,6,8,28,0
1527,06082016,18,10,9,33,27,15,0,45,47,46,5,31,30,0
1528,09082016,30,16,34,13,33,23,0,11,31,3,5,4,22,0
1529,11082016,21,43,33,12,44,28,0,5,29,2,9,27,14,0
1530,13082016,35,23,41,48,32,24,0,9,37,4,23,18,7,0
1531,16082016,48,13,9,42,3,47,0,2,21,44,50,36,3,0
1532,18082016,24,16,38,22,15,18,0,5,13,12,28,14,16,0
1533,20082016,46,14,4,2,34,33,0,46,4,44,6,17,7,0
1534,23082016,26,24,7,36,31,10,0,25,21,6,29,13,50,0
1535,25082016,12,48,40,15,29,39,0,42,39,20,21,29,26,0
1536,27082016,8,28,27,3,50,39,0,50,42,1,40,48,3,0
1537,30082016,7,19,21,4,37,16,0,47,3,7,41,45,26,0
1538,01092016,39,15,13,36,46,48,0,39,43,31,2,34,38,0
1539,03092016,33,30,18,9,11,2,0,35,9,45,1,43,49,0
1540,06092016,4,20,41,12,30,19,0,11,19,32,5,3,33,0
1541,08092016,30,28,22,36,21,3,0,46,37,45,49,16,18,0
1542,10092016,47,4,35,3,49,43,0,39,18,32,30,44,45,0
1543,13092016,21,17,23,45,42,44,0,8,17,38,1,3,25,0
1544,15092016,6,48,23,26,33,50,0,36,16,6,26,13,10,0
1545,17092016,28,4,21,3,32,46,0,1,13,4,7,12,3,0
1546,20092016,13,50,49,11,36,22,0,44,13,30,47,43,37,0
1547,22092016,4,33,16,45,44,10,0,24,10,12,27,50,25,0
1548,24092016,47,17,29,10,11,44,0,14,3,24,22,42,35,0
1549,27092016,3,40,42,17,6,25,0,13,30,10,48,36,26,0
1550,29092016,26,18,20,17,44,2,0,16,4,7,46,17,28,0
1551,01102016,25,2,48,18,19,30,0,22,20,39,38,2,26,0
1552,04102016,3,10,25,35,23,16,0,8,6,47,21,37,15,0
1553,06102016,29,7,30,37,43,22,0,21,31,32,37,40,24,0
1554,08102016,26,48,38,11,49,46,0,17,8,9,2,5,3,0
1555,11102016,37,35,32,40,19,7,0,40,8,4,39,25,26,0
1556,13102016,45,33,29,50,20,24,0,45,50,26,11,36,29,0
1557,15102016,25,41,10,4,50,27,0,6,49,20,39,27,2,0
1558,18102016,19,32,40,29,23,45,0,38,15,32,23,43,26,0
1559,20102016,16,14,17,40,32,18,0,35,11,28,24,5,7,0
1560,22102016,10,31,14,29,24,43,0,3,34,18,15,43,9,0
1561,25102016,26,3,43,47,37,49,0,19,23,28,41,38,22,0
1562,27102016,11,2,1,24,30,45,0,11,18,47,15,5,44,0
1563,29102016,47,48,45,34,10,42,0,27,21,49,50,36,9,0
1564,01112016,27,25,10,18,28,5,0,28,21,23,49,27,20,0
1565,03112016,19,35,39,46,40,11,0,35,6,22,39,2,44,0
1566,05112016,36,29,46,48,2,1,0,28,3,25,18,35,40,0
1567,08112016,46,35,5,45,25,17,0,37,22,23,12,19,11,0
1568,10112016,27,7,44,49,9,39,0,47,6,25,9,14,22,0
1569,12112016,37,21,1,41,49,14,0,31,29,36,1,47,26,0
1570,17112016,11,34,40,37,17,14,0,9,46,44,22,38,42,0
1571,19112016,25,8,12,37,43,49,0,14,25,34,18,47,30,0
1572,22112016,12,37,49,41,18,14,0,23,22,27,16,8,2,0
1573,24112016,19,44,6,25,49,38,0,20,36,24,31,5,13,0
1574,26112016,8,42,14,43,10,4,0,40,13,16,23,25,19,0
1575,29112016,2,6,50,21,45,49,0,32,3,27,36,50,26,0
1576,01122016,7,8,6,9,20,5,0,20,39,41,24,30,43,0
1577,03122016,37,40,16,15,31,2,0,48,42,44,14,40,22,0
1578,06122016,26,4,27,47,25,16,0,28,7,5,3,9,36,0
1579,08122016,17,42,47,3,15,33,0,40,26,25,28,38,23,0
1580,10122016,33,28,19,47,6,48,0,12,32,36,28,14,23,0
1581,13122016,14,33,50,17,30,32,0,47,1,18,31,22,14,0
1582,15122016,24,19,39,36,34,47,0,24,11,31,22,40,13,0
1583,17122016,2,27,10,49,14,43,0,37,30,25,42,36,45,0
1584,20122016,33,5,38,2,26,12,0,36,44,29,22,34,47,0
1585,22122016,19,45,12,20,8,13,0,5,29,50,35,45,31,0
1586,24122016,14,10,30,7,44,25,0,27,17,5,45,25,40,0
1587,27122016,16,42,19,10,47,13,0,18,1,46,37,10,32,0
1588,29122016,10,49,12,45,40,17,0,10,22,16,46,2,37,0
1589,31122016,13,32,3,18,16,49,0,5,36,7,14,16,33,0
1590,03012017,49,18,42,29,12,31,0,17,19,6,48,47,15,0
1591,05012017,36,8,26,49,50,27,0,28,34,40,25,43,2,0
1592,07012017,41,36,19,45,47,22,0,49,4,42,11,25,14,0
1593,10012017,27,40,25,14,16,12,0,50,22,43,7,23,8,0
1594,12012017,8,23,1,2,49,26,0,29,16,9,5,20,30,0
1595,14012017,33,20,46,11,28,18,0,6,7,36,26,45,2,0
1596,17012017,26,5,25,42,11,3,0,13,21,18,39,49,50,0
1597,19012017,18,27,17,2,29,32,0,43,5,38,19,46,35,0
1598,21012017,44,16,32,1,40,38,0,16,43,38,30,21,42,0
1599,24012017,41,28,7,6,46,25,0,21,38,41,23,46,16,0
1600,26012017,31,20,29,15,25,11,0,42,39,36,33,6,7,0
1601,28012017,9,10,12,1,11,29,0,8,10,26,18,15,30,0
1602,31012017,31,25,48,33,35,49,0,21,2,25,41,28,34,0
1603,02022017,40,5,7,36,30,22,0,36,43,15,6,28,21,0
1604,04022017,47,41,21,35,24,20,0,33,28,34,23,43,6,0
1605,07022017,36,13,45,34,50,15,0,49,50,11,22,5,8,0
1606,09022017,18,25,45,31,14,47,0,26,27,40,21,22,16,0
1607,11022017,19,26,15,30,6,3,0,13,14,9,30,16,6,0
1608,14022017,14,34,41,28,36,8,0,33,12,11,35,32,6,0
1609,16022017,46,29,39,9,49,24,0,31,8,24,48,29,41,0
1610,18022017,50,8,12,41,11,27,0,26,32,2,8,30,3,0
1611,21022017,18,46,6,47,42,23,0,36,30,16,14,3,48,0
1612,23022017,15,16,40,50,26,20,0,32,38,36,29,25,45,0
1613,25022017,41,17,15,21,39,44,0,32,22,27,30,44,35,0