1,29092003,18,20,25,23,10,11,24,14,6,2,13,9,5,16,3,x
2,06102003,23,15,5,4,12,16,20,6,11,19,24,1,9,13,7,x
3,13102003,20,23,12,8,6,1,7,11,14,4,16,10,9,17,24,x
4,20102003,16,5,25,24,23,8,12,2,17,18,1,10,4,19,13,x
5,27102003,15,13,20,2,11,24,9,16,4,23,25,12,8,19,1,x
6,03112003,23,19,1,5,7,21,16,10,15,25,6,2,12,4,17,x
7,10112003,22,4,15,8,16,14,21,23,12,1,25,19,7,10,18,x
8,17112003,19,16,18,9,13,8,5,25,17,10,6,15,1,22,20,x
9,24112003,21,4,17,5,3,13,16,9,20,24,25,19,11,15,10,x
10,01122003,24,19,8,23,6,2,20,11,9,3,4,10,5,12,14,x
11,08122003,24,9,8,19,20,22,6,10,11,16,7,25,23,2,12,x
12,15122003,11,5,25,1,9,8,16,4,7,24,17,2,12,14,10,x
13,22122003,13,6,10,5,8,14,3,11,16,15,9,17,19,7,23,x
14,29122003,14,21,13,19,20,6,9,5,7,23,18,1,15,2,25,x
15,05012004,23,6,21,4,10,24,16,1,15,2,8,19,12,18,25,x
16,12012004,24,17,5,8,7,12,13,2,15,10,19,25,23,21,6,x
17,19012004,13,20,17,1,6,7,2,14,5,9,16,19,3,21,18,x
18,26012004,2,23,10,7,11,14,17,22,15,6,24,8,19,20,18,x
19,02022004,15,17,10,23,11,24,13,14,6,2,8,5,20,16,7,x
20,09022004,4,9,8,24,16,20,3,17,18,19,7,6,23,14,10,x
21,16022004,5,2,1,22,19,8,24,4,25,23,18,20,14,11,16,x
22,25022004,13,15,5,9,7,10,1,3,22,2,25,14,6,4,12,x
23,01032004,10,11,5,19,18,14,6,4,20,1,8,3,12,16,17,x
24,08032004,1,19,21,14,2,23,25,5,20,11,7,10,24,17,3,x
25,15032004,4,23,20,2,5,13,7,9,24,3,1,6,14,22,16,x
26,22032004,19,11,7,16,8,21,5,10,20,13,23,9,17,14,22,x
27,29032004,25,6,22,21,11,24,3,14,12,13,20,8,10,15,18,x
28,05042004,18,21,11,7,9,3,20,16,14,12,13,17,1,19,10,x
29,12042004,13,14,6,1,24,4,8,5,17,22,21,19,20,9,16,x
30,19042004,22,2,1,17,8,4,19,20,11,14,6,21,7,23,3,x
31,26042004,1,3,22,14,21,17,24,15,20,13,2,19,4,25,9,x
32,03052004,10,14,9,16,15,7,22,6,4,2,1,17,23,11,20,x
33,10052004,8,20,12,16,10,21,5,2,23,19,11,24,1,14,7,x
34,17052004,7,19,16,10,23,4,18,11,8,9,20,21,1,2,15,x
35,24052004,12,1,13,23,19,21,17,11,22,6,25,16,14,5,4,x
36,31052004,7,23,10,20,1,21,4,8,11,19,17,22,24,14,5,x
37,07062004,24,20,5,15,10,22,21,3,1,23,11,4,13,8,9,x
38,14062004,14,13,8,16,1,10,3,7,15,25,9,2,24,6,22,x
39,21062004,14,15,7,19,8,9,22,17,23,18,2,11,24,13,21,x
40,28062004,10,17,16,12,14,24,8,7,5,20,21,1,13,2,22,x
41,05072004,25,4,23,18,17,19,15,13,9,3,12,20,21,16,2,x
42,12072004,1,24,12,25,4,3,21,8,11,6,15,22,14,17,5,x
43,19072004,23,22,3,17,1,24,14,19,8,6,9,18,20,7,10,x
44,26072004,23,21,12,19,5,4,6,13,14,10,3,18,24,11,25,x
45,02082004,1,23,14,16,2,19,18,7,21,9,24,25,17,5,3,x
46,09082004,6,14,8,11,24,18,19,23,2,5,4,21,10,1,25,x
47,16082004,6,8,25,18,20,5,11,10,15,13,4,22,3,2,1,x
48,23082004,15,6,21,20,2,17,5,23,11,7,13,16,18,19,22,x
49,30082004,11,2,24,8,20,16,4,13,19,6,15,22,5,23,21,x
50,06092004,2,3,7,25,21,23,10,1,13,11,20,6,12,19,9,x
51,13092004,8,1,13,14,5,22,21,7,6,23,3,17,20,11,16,x
52,20092004,25,4,16,2,15,21,12,9,11,8,24,23,1,13,22,x
53,27092004,23,3,7,17,20,14,12,2,18,24,6,1,11,9,19,x
54,04102004,22,8,12,9,21,5,20,4,24,2,7,6,14,16,18,x
55,11102004,4,6,12,15,2,3,13,16,8,9,7,25,5,18,19,x
56,18102004,19,1,5,14,16,15,17,2,13,22,20,12,23,9,24,x
57,25102004,25,17,8,11,3,6,19,22,21,7,20,1,4,12,2,x
58,01112004,20,14,11,13,19,18,15,16,5,3,6,12,17,22,4,x
59,08112004,6,8,14,1,23,20,3,15,25,11,5,7,13,10,19,x
60,16112004,17,22,16,5,3,2,18,8,25,11,1,19,4,23,24,x
61,22112004,4,15,1,23,9,14,12,11,13,19,25,16,22,5,20,x
62,29112004,9,7,1,13,20,11,3,17,25,8,14,16,15,18,24,x
63,06122004,13,19,22,17,10,4,25,9,24,8,16,11,21,12,20,x
64,13122004,13,1,10,6,25,23,14,9,7,2,18,8,20,3,17,x
65,20122004,23,19,10,7,1,17,4,2,22,16,21,15,20,18,25,x
66,27122004,8,10,23,17,11,20,2,14,21,22,15,16,24,4,1,x
67,03012005,7,24,13,20,16,5,21,12,11,8,15,22,23,10,9,x
68,10012005,9,1,25,16,6,3,5,22,7,12,8,10,2,17,23,x
69,17012005,23,7,11,15,4,17,20,8,9,24,1,18,21,10,19,x
70,24012005,14,5,9,24,6,15,12,19,20,1,2,25,16,10,3,x
71,31012005,13,3,22,5,1,21,23,6,8,11,15,18,14,16,9,x
72,09022005,2,16,5,25,23,11,18,13,24,15,1,7,8,12,17,x
73,14022005,25,17,18,2,16,19,15,13,14,5,21,11,7,1,10,x
74,21022005,8,25,3,1,2,22,16,4,5,15,6,18,13,23,11,x
75,28022005,10,8,3,16,7,25,20,4,13,6,11,15,17,5,1,x
76,07032005,15,5,12,10,19,16,21,17,25,9,13,1,23,8,3,x
77,14032005,6,20,4,9,11,17,3,8,2,21,24,14,22,25,18,x
78,21032005,15,5,17,23,1,8,7,20,16,6,12,18,3,2,13,x
79,28032005,15,14,17,2,22,24,5,23,20,9,12,18,25,1,3,x
80,04042005,17,22,25,7,20,3,18,10,4,1,14,9,2,5,15,x
81,11042005,13,2,7,19,17,15,1,4,6,21,3,11,5,16,10,x
82,18042005,4,8,19,12,23,17,13,20,1,18,6,15,5,22,9,x
83,25042005,23,10,25,20,14,3,1,6,2,11,8,13,12,24,5,x
84,02052005,15,22,8,25,6,4,16,1,2,24,19,20,17,23,12,x
85,09052005,1,2,11,21,16,8,23,7,18,22,14,15,5,13,9,x
86,16052005,13,19,12,18,5,6,9,24,23,4,17,8,25,2,14,x
87,23052005,11,3,18,25,5,24,13,8,15,10,9,22,1,2,20,x
88,30052005,8,10,18,24,11,1,17,2,25,9,14,19,12,4,5,x
89,06062005,23,16,1,12,21,25,17,19,13,20,24,15,6,11,22,x
90,13062005,22,10,11,8,17,20,23,3,21,1,15,25,2,12,24,x
91,20062005,16,23,1,25,22,14,9,13,11,10,12,15,4,20,17,x
92,27062005,17,6,4,1,8,15,2,19,14,13,12,18,21,24,22,x
93,04072005,4,24,7,17,9,13,18,20,5,6,10,21,2,19,23,x
94,11072005,21,9,13,12,11,15,4,22,24,16,8,18,23,2,17,x
95,18072005,10,4,18,22,1,3,20,19,17,2,15,5,11,12,14,x
96,25072005,9,17,24,6,16,10,23,18,14,19,4,3,12,21,22,x
97,02082005,4,10,13,22,17,3,23,24,12,14,15,25,19,20,6,x
98,08082005,24,17,15,25,8,18,22,6,1,11,23,20,5,2,10,x
99,15082005,4,7,24,25,20,14,1,2,10,16,17,11,21,13,3,x
100,22082005,11,22,14,25,10,8,23,13,4,16,17,9,3,12,1,x
101,29082005,7,6,14,19,13,3,21,23,1,24,16,17,9,20,10,x
102,05092005,19,4,22,1,7,23,10,25,21,11,18,2,3,9,12,x
103,12092005,23,18,1,7,5,22,2,3,25,10,4,17,8,16,11,x
104,19092005,6,5,22,24,19,16,11,14,21,13,15,25,7,18,10,x
105,26092005,8,7,10,12,25,9,15,22,19,6,11,13,4,17,21,x
106,03102005,5,15,3,1,4,13,22,2,25,6,10,17,14,23,12,x
107,10102005,24,4,7,17,21,12,15,3,25,11,1,18,6,8,9,x
108,17102005,9,15,25,14,16,2,8,11,12,7,1,22,4,23,18,x
109,24102005,9,7,23,1,11,25,18,13,20,3,21,5,24,16,12,x
110,31102005,23,20,3,6,5,1,4,25,12,13,21,17,22,14,19,x
111,07112005,10,1,19,21,25,17,12,5,11,15,13,24,6,18,22,x
112,14112005,20,10,2,6,19,21,18,3,17,11,1,14,4,15,23,x
113,21112005,6,14,24,2,19,5,12,8,20,21,4,11,1,13,25,x
114,28112005,20,3,22,9,6,2,14,1,10,25,24,11,21,8,7,x
115,05122005,4,17,5,16,6,11,20,9,12,21,25,7,13,1,18,x
116,12122005,11,13,18,10,25,23,16,1,14,2,19,21,12,9,20,x
117,19122005,14,20,5,11,9,23,18,17,6,13,25,15,7,12,10,x
118,27122005,24,15,21,22,18,4,14,13,19,6,12,2,23,8,5,x
119,02012006,15,1,21,22,9,4,18,6,24,20,23,11,8,10,17,x
120,09012006,3,8,19,7,20,16,15,13,12,11,1,24,18,21,5,x
121,16012006,17,24,25,23,7,2,4,5,11,10,9,1,18,16,12,x
122,23012006,5,22,2,10,13,15,9,20,4,25,1,18,23,17,8,x
123,30012006,20,13,21,6,18,5,4,7,17,24,19,12,23,11,22,x
124,06022006,19,9,2,6,24,7,20,16,15,3,25,14,4,18,21,x
125,13022006,10,22,7,6,12,16,11,21,4,9,24,3,2,25,15,x
126,20022006,7,22,18,8,13,25,16,1,21,4,24,14,3,2,6,x
127,01032006,5,25,4,1,13,2,12,18,22,19,23,7,3,10,11,x
128,06032006,17,2,14,21,3,23,6,15,13,11,4,16,19,25,20,x
129,13032006,5,11,9,22,6,21,7,19,2,20,15,23,18,25,13,x
130,20032006,15,19,6,4,24,2,17,25,13,23,10,12,5,3,9,x
131,27032006,2,25,20,12,5,7,6,11,13,19,8,4,15,22,23,x
132,03042006,9,25,14,11,7,15,1,22,16,4,5,17,3,10,23,x
133,10042006,18,22,9,3,15,20,8,21,4,19,13,1,11,23,5,x
134,17042006,12,16,5,7,11,19,8,25,22,17,14,1,3,10,13,x
135,24042006,7,22,13,2,21,14,19,8,1,25,20,10,15,18,5,x
136,02052006,1,2,23,12,17,21,5,22,9,15,24,14,13,6,3,x
137,08052006,18,6,19,25,11,8,17,20,16,10,2,21,12,9,13,x
138,15052006,15,7,16,17,8,24,22,2,3,13,11,5,21,25,4,x
139,22052006,22,24,23,12,1,15,7,14,21,16,17,2,9,18,19,x
140,29052006,12,10,19,1,25,22,15,6,2,24,13,20,9,18,3,x
141,05062006,18,12,19,3,8,17,13,1,25,20,10,16,9,24,7,x
142,12062006,1,18,19,5,23,7,6,16,17,24,15,9,22,4,2,x
143,19062006,21,11,22,9,24,8,17,15,25,1,16,23,13,19,2,x
144,26062006,12,17,1,2,21,4,14,22,9,24,20,7,19,11,25,x
145,03072006,14,15,20,22,13,10,25,11,18,9,24,2,3,1,17,x
146,10072006,17,22,12,2,11,5,24,10,14,13,25,16,1,23,8,x
147,17072006,2,5,12,13,21,23,22,11,1,10,6,25,4,19,16,x
148,24072006,5,22,24,2,1,12,8,21,16,25,20,9,13,4,17,x
149,01082006,24,19,2,17,16,9,25,5,20,18,13,10,15,23,7,x
150,07082006,21,7,11,5,8,19,1,25,6,22,24,14,23,9,3,x
151,14082006,18,10,13,11,3,9,12,4,23,7,24,16,14,5,20,x
152,21082006,23,3,25,6,19,22,24,15,7,17,8,13,20,4,5,x
153,28082006,13,21,5,25,8,20,23,12,11,4,1,18,2,24,17,x
154,04092006,18,9,16,5,15,24,23,10,1,11,14,6,13,3,2,x
155,11092006,15,10,16,14,8,11,19,2,21,20,18,4,5,22,24,x
156,18092006,3,8,9,15,13,10,12,4,23,20,22,1,19,11,14,x
157,25092006,10,14,2,18,25,9,21,7,24,1,16,6,4,12,19,x
158,02102006,11,15,22,17,12,23,2,7,16,18,19,9,20,10,8,x
159,09102006,11,2,1,3,17,15,25,10,24,14,4,6,8,5,20,x
160,16102006,15,14,3,12,16,24,19,21,20,17,10,4,9,1,11,x
161,19102006,21,24,1,8,20,17,25,18,11,5,15,23,22,16,13,x
162,23102006,3,1,12,6,20,11,5,16,24,2,8,23,13,4,18,x
163,26102006,21,3,14,6,2,1,25,9,15,13,20,24,23,7,5,x
164,30102006,1,11,14,5,15,10,2,6,21,18,3,24,8,23,22,x
165,03112006,9,1,19,13,14,4,12,15,25,2,22,8,18,17,6,x
166,06112006,18,3,9,21,19,22,8,15,10,23,14,2,20,4,13,x
167,09112006,18,10,1,13,19,9,16,14,24,2,6,3,22,8,23,x
168,13112006,1,7,20,4,19,12,24,3,15,17,16,2,10,23,22,x
169,16112006,4,16,24,6,8,11,15,10,1,21,5,12,9,7,20,x
170,21112006,7,22,25,4,13,23,6,5,1,20,3,10,18,8,16,x
171,23112006,24,3,25,10,17,13,16,22,15,4,1,23,12,11,21,x
172,27112006,2,18,9,11,7,13,6,1,4,25,12,20,21,22,10,x
173,30112006,2,5,11,23,22,15,8,24,20,21,19,3,7,4,25,x
174,04122006,4,7,13,23,10,20,2,9,1,15,24,17,12,25,11,x
175,07122006,7,11,2,14,18,5,21,19,16,3,15,12,24,13,6,x
176,11122006,12,25,15,21,10,4,24,16,11,13,18,2,22,17,23,x
177,14122006,24,16,11,13,6,19,2,17,7,8,15,20,10,23,21,x
178,18122006,6,3,21,25,10,20,19,23,9,4,8,2,24,16,14,x
179,21122006,2,15,17,3,22,19,14,7,23,25,5,4,24,9,13,x
180,26122006,2,4,11,20,17,25,24,7,1,5,3,10,15,6,8,x
181,28122006,1,16,22,5,20,7,23,8,15,4,6,14,17,19,21,x
182,02012007,11,22,8,19,17,3,2,14,25,9,7,21,13,23,4,x
183,04012007,8,7,6,13,23,11,19,21,16,25,14,20,24,2,4,x
184,08012007,3,17,7,23,11,15,8,1,19,21,25,16,18,9,10,x
185,11012007,20,19,25,6,1,15,23,8,12,9,11,4,7,2,17,x
186,15012007,16,25,23,22,13,5,6,19,24,17,2,18,4,11,12,x
187,18012007,21,25,12,1,16,3,13,24,11,17,19,15,23,22,18,x
188,22012007,16,19,20,10,25,24,22,8,13,5,11,23,21,2,3,x
189,25012007,9,13,5,18,23,19,16,22,1,2,7,4,20,6,24,x
190,29012007,16,11,13,15,23,24,8,1,5,18,4,19,3,7,14,x
191,01022007,23,9,18,5,19,20,8,2,22,10,13,21,15,17,12,x
192,05022007,24,11,1,13,3,6,16,4,15,22,2,23,14,5,21,x
193,08022007,14,16,21,2,9,19,20,3,4,10,25,1,15,5,8,x
194,12022007,23,14,22,25,12,18,8,9,13,15,2,21,17,7,10,x
195,15022007,4,3,14,22,19,17,9,12,18,7,23,8,11,2,6,x
196,22022007,22,24,10,15,16,25,20,14,17,5,2,4,23,19,3,x
197,26022007,9,13,23,20,3,6,10,5,22,4,8,12,7,18,21,x
198,01032007,25,1,6,2,13,7,18,21,14,4,15,20,5,17,16,x
199,05032007,23,2,6,11,22,20,4,3,15,5,1,9,21,12,19,x
200,08032007,16,8,9,5,23,11,13,12,4,14,15,2,1,21,24,x
201,12032007,10,15,8,19,2,11,12,5,20,1,22,4,13,9,14,x
202,15032007,5,14,23,19,24,10,17,11,1,21,22,13,16,3,18,x
203,19032007,24,2,4,5,12,13,1,3,23,18,6,7,25,14,17,x
204,22032007,8,25,16,17,23,22,5,15,4,7,24,2,14,3,11,x
205,26032007,21,4,18,12,22,10,2,16,17,11,3,15,25,14,9,x
206,29032007,22,9,5,16,15,3,13,8,21,2,12,17,11,20,14,x
207,02042007,4,12,6,1,15,10,19,3,14,9,17,2,13,22,20,x
208,05042007,24,19,16,7,3,12,23,6,9,10,4,1,14,11,15,x
209,09042007,24,1,19,22,25,3,10,15,14,6,5,18,21,7,9,x
210,12042007,15,16,7,14,18,22,10,13,23,11,3,24,9,21,5,x
211,16042007,17,1,10,12,2,6,8,4,24,18,14,22,11,16,25,x
212,19042007,16,6,19,22,3,1,20,11,10,14,8,23,4,9,12,x
213,23042007,16,1,10,21,5,4,9,23,8,3,24,25,11,18,19,x
214,26042007,2,14,4,18,9,24,11,1,13,19,3,22,25,20,15,x
215,30042007,17,15,3,12,25,9,19,23,11,4,7,14,5,18,1,x
216,03052007,11,9,17,13,21,6,4,25,24,5,3,7,19,2,10,x
217,07052007,6,16,4,5,12,19,11,25,10,21,7,2,9,17,3,x
218,10052007,21,25,15,17,11,22,2,16,8,13,14,12,5,20,7,x
219,14052007,19,24,3,22,2,17,11,18,25,16,23,8,9,14,6,x
220,17052007,21,16,5,25,13,23,24,10,20,18,14,9,15,12,17,x
221,21052007,6,1,17,7,21,12,3,23,16,20,2,8,19,10,25,x
222,24052007,5,15,21,4,23,12,7,8,24,22,6,18,1,3,9,x
223,28052007,9,23,14,22,2,24,11,7,10,13,16,21,4,12,20,x
224,31052007,24,9,8,4,19,11,21,13,18,20,15,23,10,6,12,x
225,04062007,15,25,8,1,23,3,5,13,2,19,14,20,22,7,18,x
226,08062007,20,5,19,14,13,10,8,15,17,21,18,4,16,11,25,x
227,11062007,10,18,20,21,5,17,14,12,19,7,22,15,9,1,8,x
228,14062007,14,15,19,17,11,4,20,16,13,25,12,24,18,2,10,x
229,18062007,9,6,25,15,20,12,16,14,11,10,17,23,8,13,2,x
230,21062007,6,1,4,24,17,22,8,11,2,5,15,13,14,3,10,x
231,25062007,24,17,19,12,21,1,5,18,10,2,7,15,25,6,16,x
232,28062007,11,24,21,23,14,25,16,13,12,4,5,17,6,9,18,x
233,02072007,1,14,7,3,13,2,6,8,12,5,21,17,9,19,4,x
234,05072007,11,14,1,5,2,12,3,4,13,17,24,9,15,21,22,x
235,09072007,21,13,24,14,18,17,8,16,12,23,19,15,1,25,10,x
236,12072007,1,13,3,22,25,23,5,16,4,9,12,15,8,7,21,x
237,16072007,13,12,7,6,5,19,23,16,4,20,22,9,18,15,21,x
238,19072007,11,17,19,24,20,13,6,21,4,12,1,14,23,15,3,x
239,23072007,7,13,9,14,25,15,10,22,1,23,16,3,6,19,5,x
240,26072007,2,10,9,23,19,15,1,13,22,4,11,18,14,16,21,x
241,30072007,14,5,23,24,13,15,21,8,12,9,25,4,17,20,3,x
242,02082007,13,2,21,19,8,15,17,6,22,14,9,16,18,23,5,x
243,06082007,5,3,13,25,7,23,16,21,18,1,20,4,2,12,17,x
244,09082007,6,12,10,24,11,7,18,15,3,22,5,14,20,21,9,x
245,13082007,11,24,10,19,18,12,14,25,1,9,2,15,6,7,16,x
246,16082007,8,7,25,24,1,5,9,21,18,15,17,12,10,4,13,x
247,20082007,1,22,7,8,14,4,2,25,3,17,15,16,23,19,9,x
248,23082007,25,10,12,8,5,2,11,20,21,1,16,19,9,13,15,x
249,27082007,23,5,21,14,18,12,7,15,8,4,25,9,22,17,10,x
250,30082007,19,13,2,5,23,9,3,10,15,17,16,18,21,12,1,x
251,03092007,21,13,19,15,23,18,22,9,4,25,16,10,3,5,6,x
252,06092007,2,6,18,25,15,11,24,23,3,22,17,4,19,14,8,x
253,10092007,22,4,19,5,21,23,6,1,18,11,12,15,8,13,7,x
254,13092007,20,2,23,6,5,14,15,9,8,3,7,11,16,13,4,x
255,17092007,17,3,4,1,2,14,15,10,9,16,22,24,6,21,23,x
256,20092007,1,12,10,9,16,8,18,20,7,2,6,22,13,15,24,x
257,24092007,22,10,12,9,7,18,13,6,1,16,3,24,14,17,19,x
258,27092007,13,20,12,4,2,25,22,24,19,21,9,6,14,5,17,x
259,01102007,10,25,18,15,6,21,22,20,7,3,8,9,24,19,5,x
260,04102007,24,11,5,19,7,20,9,18,14,3,13,8,1,6,4,x
261,08102007,4,2,16,15,25,6,11,21,5,17,19,20,7,13,1,x
262,11102007,8,21,12,20,3,14,13,7,9,24,15,23,4,17,6,x
263,15102007,23,19,8,15,16,11,7,21,24,9,10,1,18,4,14,x
264,18102007,8,3,25,6,22,9,13,23,20,4,16,19,1,12,21,x
265,22102007,7,12,22,5,19,11,18,8,13,16,17,24,1,20,15,x
266,25102007,18,21,3,19,4,14,24,22,5,6,7,9,11,1,15,x
267,29102007,15,11,23,9,12,6,14,13,17,24,21,2,5,4,3,x
268,01112007,25,23,8,15,9,16,20,12,7,18,6,19,5,10,14,x
269,05112007,22,2,1,4,13,15,18,19,24,23,10,16,17,6,14,x
270,08112007,16,1,14,5,9,18,8,3,6,25,7,19,23,4,24,x
271,12112007,19,11,5,16,24,20,25,6,4,12,8,1,21,2,18,x
272,16112007,25,15,12,1,4,9,13,24,8,17,5,20,11,23,2,x
273,19112007,16,5,21,7,12,20,1,15,24,18,25,10,19,17,6,x
274,22112007,15,25,5,23,10,2,7,12,17,14,11,21,6,20,4,x
275,26112007,6,9,12,22,1,10,15,5,14,17,20,3,18,11,8,x
276,29112007,2,7,17,5,18,12,22,3,25,13,20,4,11,19,10,x
277,03122007,16,24,13,2,17,10,9,11,21,4,23,14,25,22,12,x
278,06122007,12,9,2,3,21,19,1,23,5,15,11,17,13,6,25,x
279,10122007,12,10,3,17,18,6,5,23,1,2,22,19,11,9,13,x
280,13122007,9,25,20,10,19,24,5,13,16,3,17,11,6,15,4,x
281,17122007,4,1,10,23,12,2,25,17,19,8,11,9,14,3,15,x
282,20122007,25,7,3,21,11,20,16,13,8,4,15,12,19,22,2,x
283,22122007,24,22,10,13,4,20,6,1,11,9,23,12,8,2,19,x
284,27122007,23,5,22,7,21,12,25,13,1,11,15,17,3,6,19,x
285,29122007,11,16,8,10,14,1,4,5,15,22,9,12,19,13,23,x
286,03012008,25,1,23,21,7,4,11,9,12,2,13,10,24,19,3,x
287,07012008,15,21,6,23,2,10,22,25,7,17,16,5,18,13,12,x
288,10012008,18,15,6,19,2,10,3,14,25,9,24,1,4,13,12,x
289,14012008,4,8,1,3,10,19,2,14,6,9,17,15,12,24,22,x
290,17012008,17,9,13,2,23,14,11,20,22,7,6,12,1,21,5,x
291,21012008,14,8,15,10,1,5,17,24,2,12,7,13,23,20,11,x
292,24012008,21,3,24,7,17,5,2,11,13,9,22,12,25,16,8,x
293,28012008,14,12,3,9,25,22,13,24,2,6,1,23,18,15,19,x
294,31012008,11,16,24,4,20,2,1,5,7,3,8,12,15,23,25,x
295,07022008,25,24,6,23,15,10,3,21,13,18,2,4,19,17,16,x
296,11022008,16,18,14,6,22,11,15,19,2,25,7,3,12,8,17,x
297,14022008,23,10,25,24,1,21,15,9,8,16,4,22,14,7,12,x
298,18022008,1,6,7,16,4,24,21,8,13,3,11,15,14,12,22,x
299,21022008,10,20,3,24,23,6,17,8,22,13,7,5,19,18,21,x
300,25022008,7,21,9,4,11,23,19,17,3,12,8,25,20,15,22,x
301,28022008,2,9,11,3,17,13,12,19,20,15,22,23,18,8,14,x
302,03032008,18,20,9,6,11,25,2,16,15,14,4,22,12,10,5,x
303,06032008,6,22,18,21,12,24,23,20,15,17,2,8,3,16,4,x
304,10032008,1,15,22,16,14,4,18,17,12,21,20,25,5,3,19,x
305,13032008,20,10,25,4,3,18,22,21,2,8,11,12,5,24,13,x
306,17032008,25,5,13,4,2,8,20,1,11,16,18,12,14,15,19,x
307,20032008,20,9,12,14,23,17,21,24,19,1,3,10,15,4,6,x
308,24032008,23,1,21,16,24,19,5,25,12,13,22,4,18,2,15,x
309,27032008,3,13,22,10,16,21,1,9,14,20,4,8,17,24,2,x
310,31032008,11,14,21,10,3,24,18,19,9,15,23,16,5,2,17,x
311,03042008,23,5,24,12,17,10,25,2,14,16,20,19,15,7,4,x
312,07042008,22,8,9,18,2,17,10,19,1,16,25,11,13,12,6,x
313,10042008,7,6,14,23,17,12,15,19,10,16,9,25,2,3,18,x
314,14042008,21,5,11,1,8,19,2,22,9,20,6,12,14,13,15,x
315,17042008,16,13,11,23,5,6,21,17,8,2,24,3,20,14,19,x
316,22042008,8,19,6,14,4,3,24,23,1,13,12,15,10,18,7,x
317,24042008,21,5,8,4,11,1,22,2,25,14,18,16,9,24,19,x
318,28042008,11,21,12,14,6,4,16,15,13,25,5,3,18,23,9,x
319,02052008,14,24,6,9,4,8,3,16,23,1,19,10,20,12,17,x
320,05052008,19,15,12,17,11,18,1,25,3,22,9,21,14,6,23,x
321,08052008,17,20,12,25,9,24,14,3,10,2,4,13,11,16,18,x
322,12052008,1,12,13,2,16,23,3,7,5,20,17,18,15,24,21,x
323,15052008,4,17,2,21,14,1,3,20,6,7,10,25,23,9,19,x
324,19052008,21,10,2,23,8,1,24,16,6,4,7,12,9,3,20,x
325,23052008,25,10,22,20,23,5,4,6,2,14,24,19,7,15,1,x
326,26052008,25,7,24,6,15,13,12,10,1,18,8,11,4,17,2,x
327,29052008,19,8,4,14,3,16,1,15,13,12,17,21,23,2,18,x
328,02062008,13,2,25,23,19,11,12,22,18,24,4,5,3,15,21,x
329,05062008,18,21,8,20,24,9,1,14,4,23,25,3,17,2,13,x
330,09062008,15,19,24,25,2,12,14,5,9,22,23,1,18,17,6,x
331,12062008,16,15,13,19,5,23,3,18,1,7,6,22,21,25,12,x
332,16062008,3,2,11,21,20,12,6,5,19,7,23,24,14,10,25,x
333,19062008,16,2,13,25,9,14,1,6,21,15,5,23,18,12,11,x
334,23062008,17,8,13,15,11,22,21,6,1,2,18,23,25,7,16,x
335,26062008,16,14,21,9,6,17,8,3,20,19,1,12,11,7,4,x
336,30062008,10,15,16,11,3,25,1,14,19,5,22,2,17,6,8,x
337,03072008,3,11,7,8,23,4,19,16,9,5,1,18,22,10,12,x
338,07072008,16,4,7,19,9,3,5,21,20,15,25,17,6,14,12,x
339,10072008,13,19,1,23,18,16,15,5,22,20,24,21,8,2,10,x
340,14072008,14,4,19,2,8,21,20,25,11,10,6,9,5,22,3,x
341,17072008,20,5,21,12,11,7,16,19,18,13,22,1,25,24,9,x
342,21072008,8,3,11,25,23,12,21,15,1,4,20,13,16,19,22,x
343,24072008,20,15,11,25,6,8,18,12,13,16,14,19,22,3,5,x
344,28072008,11,16,9,20,25,24,5,3,12,10,15,13,4,21,6,x
345,31072008,23,25,9,24,20,2,12,16,19,14,15,7,18,11,21,x
346,04082008,14,10,23,5,12,6,8,17,24,18,15,2,1,21,3,x
347,07082008,15,24,19,3,18,14,25,12,20,9,10,11,5,8,7,x
348,11082008,14,8,20,19,12,25,1,7,18,24,2,17,5,22,21,x
349,14082008,7,8,17,20,22,12,1,16,2,19,25,24,5,14,18,x
350,18082008,23,9,1,14,13,7,15,4,25,22,12,8,6,2,3,x
351,21082008,7,1,12,3,24,18,23,5,19,2,14,11,10,17,16,x
352,25082008,3,1,15,13,6,20,17,24,19,2,12,22,4,9,18,x
353,28082008,18,23,19,8,12,2,9,11,3,21,22,20,13,17,7,x
354,01092008,23,22,9,10,8,19,17,12,1,2,18,21,4,16,7,x
355,04092008,12,11,23,13,8,4,19,25,18,7,10,6,9,15,2,x
356,08092008,13,10,2,24,5,16,15,11,14,19,9,4,25,22,20,x
357,11092008,17,10,6,23,21,5,8,9,14,2,19,1,13,11,25,x
358,15092008,25,16,17,11,14,18,12,23,24,4,15,2,10,6,9,x
359,18092008,22,21,12,4,25,13,8,24,16,11,7,17,19,18,10,x
360,22092008,5,17,18,2,11,8,4,19,20,1,3,24,9,23,7,x
361,25092008,9,1,20,12,7,10,14,24,19,23,13,4,17,16,15,x
362,29092008,10,23,4,13,22,6,3,18,1,2,24,12,5,7,17,x
363,02102008,22,23,16,3,8,6,17,2,4,9,13,11,15,20,21,x
364,06102008,2,9,6,15,19,21,12,11,7,20,22,13,24,3,4,x
365,09102008,11,12,4,8,19,5,15,20,23,16,3,24,25,18,10,x
366,13102008,23,6,22,11,15,21,13,5,8,3,17,9,20,18,25,x
367,16102008,15,21,13,20,18,22,12,7,1,17,2,8,4,9,24,x
368,20102008,6,13,22,5,2,3,24,14,11,21,20,15,19,17,4,x
369,23102008,24,9,12,5,15,3,23,11,6,21,1,7,14,22,20,x
370,27102008,14,17,11,3,7,12,19,4,9,10,16,23,6,25,8,x
371,30102008,1,16,2,8,3,13,22,7,10,5,14,6,15,25,9,x
372,03112008,19,12,23,10,24,14,16,6,22,25,17,13,3,4,5,x
373,06112008,19,20,11,22,4,17,14,13,9,23,2,15,12,21,6,x
374,10112008,21,3,25,24,16,9,6,18,20,23,13,12,22,2,1,x
375,13112008,1,5,16,10,25,2,14,13,11,18,7,19,12,17,20,x
376,17112008,12,24,3,14,8,20,16,10,18,22,13,21,25,15,2,x
377,20112008,22,11,12,15,4,3,1,8,2,7,17,9,13,19,20,x
378,24112008,24,2,25,13,16,14,6,23,12,4,15,21,3,22,19,x
379,27112008,21,7,14,17,16,13,4,22,5,3,12,25,18,11,10,x
380,01122008,8,7,14,9,25,6,23,10,4,17,18,22,3,11,2,x
381,04122008,3,7,13,19,25,15,6,12,17,4,10,22,21,9,1,x
382,08122008,10,15,11,3,24,8,12,2,4,14,22,21,7,9,16,x
383,11122008,24,22,11,16,15,7,9,23,18,6,5,14,25,12,3,x
384,15122008,17,19,13,22,7,11,25,4,1,15,18,3,21,10,20,x
385,18122008,4,5,8,12,20,23,25,6,13,15,18,1,24,22,2,x
386,22122008,23,15,11,21,19,3,7,6,9,1,18,20,25,2,4,x
387,26122008,23,12,11,14,19,15,21,9,4,22,8,2,20,3,10,x
388,29122008,1,7,21,15,16,9,11,6,10,20,5,17,3,18,2,x
389,02012009,19,23,2,12,3,9,24,4,17,5,10,25,13,6,18,x
390,05012009,12,25,21,5,7,22,19,2,20,13,14,10,11,15,24,x
391,08012009,21,18,25,16,6,15,4,23,13,12,3,1,9,22,8,x
392,12012009,1,23,2,18,20,3,17,21,11,25,15,10,4,14,12,x
393,15012009,4,8,23,17,3,21,22,20,18,1,25,6,7,10,11,x
394,19012009,6,14,12,13,2,22,16,20,18,7,24,21,8,23,5,x
395,22012009,2,8,11,25,22,1,4,9,13,14,15,23,21,17,6,x
396,26012009,3,2,9,1,5,10,15,13,22,7,6,24,20,18,11,x
397,29012009,15,2,25,20,6,4,10,1,3,5,9,13,14,8,22,x
398,02022009,13,22,10,3,9,16,12,20,5,7,18,4,21,2,8,x
399,05022009,10,22,12,11,14,24,21,19,9,17,23,1,7,4,16,x
400,09022009,12,20,23,24,15,1,9,22,10,19,17,14,16,21,5,x
401,12022009,8,7,25,17,23,10,6,24,21,5,2,3,14,16,1,x
402,16022009,9,6,21,22,20,1,11,7,8,23,2,4,25,24,16,x
403,19022009,25,21,8,14,24,13,2,9,7,4,12,15,6,11,19,x
404,26022009,21,8,14,1,6,13,20,11,18,16,24,25,22,5,10,x
405,02032009,18,16,25,5,7,24,6,11,8,4,19,22,14,13,12,x
406,05032009,16,9,5,1,2,8,24,4,22,21,11,7,10,17,23,x
407,09032009,12,14,11,17,22,20,25,4,8,15,6,16,9,7,2,x
408,12032009,20,1,14,12,18,3,21,22,11,4,2,10,15,23,19,x
409,16032009,24,6,14,20,8,7,23,25,4,2,10,16,21,1,17,x
410,19032009,5,17,1,4,8,15,19,18,7,10,25,9,14,13,11,x
411,23032009,18,17,1,5,14,25,7,16,12,24,20,11,22,21,9,x
412,26032009,18,20,21,12,4,11,3,22,19,17,25,10,9,8,16,x
413,30032009,8,16,20,21,14,3,10,25,13,17,6,12,2,5,9,x
414,02042009,3,16,19,15,6,5,20,11,18,25,21,10,8,2,9,x
415,06042009,7,3,15,1,22,18,19,23,10,11,20,13,14,21,17,x
416,09042009,13,20,6,19,23,25,15,5,18,22,24,1,2,7,16,x
417,15042009,21,8,17,12,1,23,14,13,2,9,3,11,19,16,15,x
418,16042009,5,19,20,22,11,9,14,8,10,12,24,25,13,18,23,x
419,20042009,23,3,17,21,16,14,18,5,4,22,20,15,24,7,6,x
420,23042009,22,11,3,19,9,5,4,24,10,25,12,18,8,7,6,x
421,27042009,25,10,14,4,5,15,9,3,13,20,16,8,19,23,12,x
422,30042009,25,7,22,3,8,18,14,17,1,23,4,12,13,6,2,x
423,04052009,17,16,24,20,25,1,13,2,23,18,11,15,5,3,22,x
424,07052009,6,11,13,24,10,1,15,18,25,16,9,3,17,14,19,x
425,11052009,16,1,19,22,23,7,10,20,11,12,13,18,9,15,24,x
426,14052009,6,15,16,24,19,11,25,3,5,10,4,18,2,22,8,x
427,18052009,4,9,7,24,3,11,16,1,10,21,6,22,19,5,12,x
428,21052009,13,17,4,14,1,20,18,24,23,11,22,15,19,3,21,x
429,25052009,16,7,23,3,5,13,2,12,25,14,19,4,6,17,8,x
430,28052009,5,14,2,20,15,7,25,13,22,6,4,23,9,11,3,x
431,01062009,24,3,18,5,12,21,13,9,15,20,22,11,1,23,2,x
432,04062009,10,15,13,6,21,12,2,17,7,20,3,23,4,19,24,x
433,08062009,14,15,19,7,9,8,24,21,23,3,1,5,2,25,22,x
434,12062009,21,12,3,15,17,11,13,16,4,9,23,6,25,24,18,x
435,15062009,14,16,25,11,24,15,1,10,17,21,18,5,4,13,3,x
436,18062009,20,3,15,25,7,23,4,6,21,19,13,10,14,18,22,x
437,22062009,12,20,5,21,1,8,19,4,11,23,6,17,10,16,2,x
438,25062009,21,18,7,23,13,8,9,1,15,17,11,24,22,25,4,x
439,29062009,9,25,2,21,10,3,11,5,14,24,23,17,19,12,15,x
440,02072009,12,1,14,19,3,13,15,21,5,22,25,24,16,8,9,x
441,06072009,11,25,13,2,20,1,9,7,10,14,4,8,3,23,24,x
442,09072009,22,6,12,23,8,5,18,25,14,15,17,24,9,13,7,x
443,13072009,23,5,12,7,18,3,16,10,17,11,19,22,21,1,2,x
444,16072009,2,7,22,18,19,20,25,3,21,1,15,6,10,14,24,x
445,20072009,1,15,10,2,4,12,7,20,18,21,13,16,9,11,19,x
446,23072009,1,8,4,15,6,11,14,16,24,5,19,21,10,23,2,x
447,27072009,18,16,25,21,24,8,22,17,5,12,1,2,19,10,20,x
448,30072009,10,17,20,5,12,23,1,6,15,13,24,3,14,9,11,x
449,03082009,17,1,10,3,4,8,19,18,11,2,22,24,9,25,16,x
450,06082009,24,22,11,14,5,9,16,7,4,21,23,18,17,25,6,x
451,10082009,18,5,14,9,24,23,8,19,15,6,1,22,17,3,25,x
452,13082009,18,14,20,9,17,24,12,19,25,10,11,1,6,8,7,x
453,17082009,3,24,14,4,1,19,9,2,6,25,15,11,20,21,17,x
454,20082009,12,6,4,24,20,17,22,19,25,3,13,11,15,7,14,x
455,24082009,7,12,18,21,19,11,1,6,4,3,23,14,5,8,25,x
456,27082009,23,12,14,4,11,24,25,9,13,17,3,10,1,18,21,x
457,31082009,15,19,25,4,21,13,23,22,14,16,11,18,5,1,20,x
458,03092009,22,6,13,9,4,20,3,15,8,5,2,7,18,16,11,x
459,08092009,11,17,10,19,23,2,14,15,1,20,4,21,3,7,12,x
460,10092009,4,9,10,1,19,15,23,11,22,17,16,12,14,6,3,x
461,14092009,11,19,4,24,6,12,23,8,15,17,5,7,14,13,3,x
462,17092009,18,3,7,23,17,24,21,1,8,14,5,22,16,2,12,x
463,21092009,22,19,2,9,18,23,25,20,11,3,6,13,7,17,14,x
464,24092009,5,25,17,2,8,21,1,23,22,16,24,19,20,10,11,x
465,28092009,7,10,1,22,9,18,6,25,11,3,21,2,19,13,4,x
466,01102009,6,12,17,8,20,14,10,19,25,2,22,11,7,18,21,x
467,05102009,7,10,2,13,25,4,22,15,21,24,14,6,18,17,5,x
468,08102009,15,9,18,17,5,13,2,6,10,21,25,3,24,22,12,x
469,13102009,6,25,5,23,13,14,19,2,22,18,11,10,7,1,8,x
470,15102009,20,6,7,18,22,23,13,5,15,4,1,8,3,11,10,x
471,19102009,4,25,20,12,24,16,13,15,11,6,9,3,10,14,2,x
472,22102009,13,6,11,2,12,1,14,7,20,8,4,17,18,15,5,x
473,27102009,8,25,5,7,15,1,6,17,23,9,11,22,12,19,2,x
474,29102009,3,11,10,23,16,17,21,15,12,2,5,9,1,18,24,x
475,03112009,4,9,2,20,23,3,21,11,6,5,14,13,25,10,17,x
476,05112009,6,1,13,5,10,7,24,17,9,19,16,15,14,25,11,x
477,09112009,8,16,7,14,4,24,2,20,6,23,18,11,25,12,10,x
478,12112009,11,2,22,9,10,13,24,23,7,12,5,16,25,3,18,x
479,16112009,18,15,13,23,24,3,5,22,19,2,11,8,16,14,25,x
480,19112009,22,7,6,24,11,8,9,12,4,25,19,18,5,17,15,x
481,23112009,5,13,17,15,24,22,21,12,10,3,14,9,1,7,20,x
482,26112009,25,17,15,2,21,8,10,9,22,12,6,23,7,19,16,x
483,30112009,22,5,1,7,21,6,24,17,18,4,9,14,11,12,23,x
484,03122009,8,4,16,20,23,14,6,13,1,11,9,17,21,10,25,x
485,07122009,25,17,22,7,6,18,24,20,3,21,16,2,11,5,4,x
486,10122009,4,15,13,20,19,2,22,9,7,5,11,3,18,1,21,x
487,14122009,8,7,5,17,6,24,15,14,18,21,4,9,10,22,19,x
488,17122009,8,7,5,13,24,14,6,20,17,15,25,22,18,12,11,x
489,21122009,23,12,17,10,11,1,5,21,18,22,25,2,14,7,19,x
490,24122009,10,21,12,23,17,5,13,16,14,8,22,6,18,3,11,x
491,28122009,1,23,13,2,16,11,3,7,25,24,9,21,22,12,20,x
492,31122009,15,3,11,1,12,8,24,6,2,4,14,21,19,25,18,x
493,04012010,22,13,25,15,17,12,1,5,14,18,7,4,21,10,8,x
494,07012010,12,4,7,3,20,13,5,18,8,19,16,15,21,22,2,x
495,11012010,1,9,24,3,7,6,13,11,8,25,17,22,4,15,19,x
496,14012010,19,11,21,22,17,14,5,16,7,9,24,13,15,4,3,x
497,18012010,2,16,4,5,25,17,11,9,3,8,12,14,1,23,19,x
498,21012010,11,14,20,5,16,2,23,13,22,4,15,1,6,25,18,x
499,25012010,19,7,3,2,25,12,24,10,1,11,20,15,17,4,21,x
500,28012010,25,16,2,5,13,21,23,8,18,6,14,3,10,20,9,x
501,01022010,18,3,25,17,21,23,2,12,19,4,15,9,24,6,1,x
502,04022010,23,2,10,5,19,13,4,3,16,1,6,8,24,11,18,x
503,08022010,1,2,14,12,3,17,5,7,20,25,11,15,21,24,4,x
504,11022010,16,15,20,10,17,13,18,14,9,21,12,19,1,23,6,x
505,13022010,3,6,19,24,16,21,17,15,22,7,18,11,20,4,9,x
506,18022010,21,20,19,4,11,9,15,12,6,16,24,17,22,5,13,x
507,22022010,8,24,9,11,3,20,21,1,6,10,23,5,2,12,25,x
508,25022010,14,15,19,8,5,2,7,9,3,25,6,16,24,18,23,x
509,01032010,20,11,17,1,3,24,15,9,25,5,12,6,19,16,22,x
510,04032010,23,3,21,4,20,7,6,13,25,1,22,10,11,12,2,x
511,08032010,24,13,11,17,25,5,12,19,1,21,18,14,10,7,2,x
512,12032010,9,2,12,15,16,5,24,6,21,7,1,4,10,8,13,x
513,15032010,15,20,18,17,22,2,23,3,1,9,10,13,25,11,6,x
514,18032010,1,7,24,25,8,11,22,17,9,12,15,5,6,18,21,x
515,22032010,11,18,14,5,3,17,7,20,25,9,10,2,13,24,12,x
516,25032010,8,7,23,11,21,4,20,6,18,5,14,24,12,2,13,x
517,29032010,9,21,7,23,12,17,11,3,13,22,8,1,4,6,5,x
518,01042010,19,13,11,20,14,17,24,10,5,16,12,6,4,7,22,x
519,05042010,23,9,17,19,24,16,3,12,15,11,7,25,13,2,21,x
520,08042010,15,12,24,10,14,4,18,6,5,22,20,9,2,23,19,x
521,12042010,19,9,5,17,12,11,2,10,6,23,4,20,13,1,3,x
522,15042010,16,25,11,6,19,22,23,4,2,21,7,9,17,18,24,x
523,19042010,2,19,11,13,4,8,16,25,24,17,12,5,9,10,18,x
524,22042010,3,11,7,22,5,2,17,23,20,24,12,6,14,10,21,x
525,26042010,4,9,3,25,15,21,17,16,20,22,18,6,10,13,11,x
526,29042010,4,8,24,12,7,10,1,15,2,25,9,11,16,19,14,x
527,03052010,11,5,14,2,6,9,22,23,12,19,15,24,1,16,17,x
528,06052010,6,23,10,4,12,15,7,24,11,25,2,19,3,21,8,x
529,10052010,23,16,25,7,19,5,18,3,20,17,22,11,6,2,12,x
530,13052010,11,16,10,3,8,23,14,9,18,4,7,6,12,21,22,x
531,17052010,14,3,12,21,1,15,23,25,22,7,16,17,10,13,2,x
532,20052010,24,7,2,9,15,6,16,5,19,12,1,11,22,4,13,x
533,24052010,20,10,8,24,25,18,13,16,9,1,11,17,2,3,14,x
534,27052010,3,24,2,22,5,18,7,1,19,8,12,21,11,13,15,x
535,31052010,1,25,13,4,5,24,23,11,15,19,21,16,9,6,17,x
536,04062010,3,19,16,4,20,11,17,9,15,22,23,5,25,24,7,x
537,07062010,10,18,6,24,11,17,22,23,15,4,2,9,14,1,20,x
538,10062010,12,16,6,18,10,24,19,20,13,17,11,25,21,5,2,x
539,14062010,12,4,5,16,6,14,2,13,8,1,21,9,15,23,19,x
540,17062010,13,11,12,7,18,16,9,22,15,24,19,20,2,6,8,x
541,21062010,9,3,20,17,19,10,22,6,4,13,25,14,5,24,15,x
542,24062010,18,13,8,2,4,17,22,10,24,5,9,16,1,3,20,x
543,28062010,7,20,15,1,13,17,25,24,14,16,22,11,8,10,5,x
544,01072010,18,19,9,21,5,8,7,4,2,14,15,13,11,24,23,x
545,05072010,18,24,1,23,13,12,11,5,25,7,6,14,15,17,3,x
546,08072010,5,17,10,4,9,13,3,19,18,12,21,8,11,2,23,x
547,12072010,25,14,9,10,6,5,17,20,4,1,2,12,24,19,16,x
548,15072010,20,23,6,13,9,14,3,4,1,2,7,25,5,8,17,x
549,19072010,22,10,20,14,13,9,7,3,4,15,17,16,21,23,11,x
550,22072010,16,22,14,13,11,1,9,21,17,6,10,5,18,20,7,x
551,26072010,10,12,20,19,13,18,24,16,21,14,8,22,3,7,17,x
552,29072010,1,24,22,4,8,13,17,20,6,10,25,12,3,5,23,x
553,02082010,10,23,21,7,14,15,17,8,12,4,5,24,13,18,9,x
554,05082010,13,3,22,4,25,20,19,6,9,24,21,17,2,14,1,x
555,09082010,7,24,16,1,2,17,14,8,10,20,12,6,9,23,18,x
556,12082010,8,11,18,20,25,1,4,9,22,23,14,13,16,17,24,x
557,16082010,7,18,12,9,8,21,14,5,17,15,23,10,20,19,1,x
558,19082010,14,7,25,5,24,4,20,17,21,3,18,22,12,10,1,x
559,23082010,19,14,16,1,7,11,5,10,21,23,2,20,22,13,9,x
560,26082010,1,4,18,21,23,25,12,24,10,19,9,20,2,14,17,x
561,30082010,7,12,15,6,2,3,17,9,11,21,10,20,4,13,18,x
562,02092010,3,22,16,8,13,14,24,5,18,21,20,1,7,19,2,x
563,06092010,6,20,12,3,1,4,23,5,9,19,7,22,16,24,11,x
564,09092010,9,19,3,14,24,12,15,21,17,23,7,4,1,20,2,x
565,13092010,24,6,7,12,21,1,9,17,18,4,20,15,19,10,23,x
566,16092010,5,20,16,4,1,9,7,17,3,14,15,21,11,19,10,x
567,20092010,1,14,10,5,15,9,25,12,13,2,7,17,24,21,8,x
568,23092010,15,16,4,9,13,6,1,20,5,18,17,7,8,21,2,x
569,27092010,19,25,7,6,18,17,12,16,13,1,2,8,22,24,20,x
570,30092010,20,10,18,21,14,5,2,1,15,12,22,23,4,19,3,x
571,04102010,25,3,11,15,5,24,12,6,19,4,20,18,7,16,21,x
572,07102010,21,5,15,13,16,9,22,10,19,14,6,17,8,2,24,x
573,11102010,11,24,22,2,20,10,14,1,7,3,12,23,18,25,16,x
574,14102010,6,19,20,16,18,25,14,12,22,1,21,11,13,23,5,x
575,18102010,15,21,3,16,13,5,8,24,9,22,19,12,17,10,18,x
576,21102010,15,21,25,6,12,10,8,13,18,16,19,17,9,23,11,x
577,25102010,8,16,15,4,3,2,22,10,19,1,23,5,21,18,12,x
578,28102010,10,8,21,19,22,6,16,4,23,7,15,12,1,14,13,x
579,01112010,6,7,14,24,17,20,19,13,10,1,8,21,3,5,12,x
580,04112010,6,21,13,12,8,7,16,10,9,25,1,4,17,14,24,x
581,08112010,11,19,4,9,18,23,13,21,2,25,14,6,12,17,15,x
582,11112010,12,8,18,17,25,23,3,10,7,19,21,9,15,13,11,x
583,16112010,11,4,7,17,14,19,18,1,9,23,3,16,21,24,8,x
584,18112010,7,21,23,14,6,10,2,5,11,19,22,20,8,3,15,x
585,22112010,1,8,13,17,14,15,20,16,18,24,9,23,7,5,10,x
586,25112010,25,7,12,4,24,18,11,17,6,3,19,22,8,16,2,x
587,29112010,1,5,13,21,20,19,7,18,23,11,17,10,9,4,12,x
588,02122010,25,17,4,14,5,11,18,19,23,12,24,1,7,13,20,x
589,06122010,4,25,21,23,13,6,12,9,10,3,2,24,8,22,20,x
590,09122010,9,20,15,6,16,19,11,3,1,13,10,21,4,18,14,x
591,13122010,20,7,2,16,14,11,8,21,17,19,1,10,23,4,15,x
592,16122010,19,16,18,22,20,5,8,17,1,9,3,14,15,6,10,x
593,20122010,23,24,15,14,6,10,11,25,13,3,4,5,1,9,20,x
594,23122010,11,2,23,18,25,20,7,14,13,16,9,6,15,3,10,x
595,27122010,6,8,7,21,17,19,25,10,24,15,12,11,5,1,9,x
596,30122010,11,19,8,10,25,22,20,12,17,7,23,9,3,18,2,x
597,03012011,5,1,14,16,8,3,17,10,25,2,18,9,11,22,24,x
598,06012011,5,14,3,19,1,7,12,18,22,25,11,21,15,4,20,x
599,10012011,12,5,24,16,9,20,2,23,21,13,6,18,7,22,4,x
600,13012011,9,11,25,17,16,18,10,19,5,6,8,22,1,23,3,x
601,17012011,12,9,13,10,25,16,14,3,20,1,7,19,11,5,6,x
602,20012011,9,18,25,12,5,7,10,1,8,6,11,2,23,22,13,x
603,24012011,8,6,23,13,22,12,19,20,2,15,4,21,16,5,10,x
604,27012011,15,1,7,25,9,12,13,18,14,2,24,22,6,19,20,x
605,31012011,5,21,25,2,18,4,14,23,7,11,3,13,16,17,10,x
606,03022011,3,25,14,16,6,2,18,8,22,12,24,10,7,23,15,x
607,07022011,20,19,16,17,25,9,22,24,12,21,15,3,18,5,7,x
608,10022011,19,13,10,18,25,23,1,14,8,3,16,7,5,2,17,x
609,14022011,23,14,19,4,11,1,7,16,20,12,9,2,25,15,10,x
610,17022011,10,22,2,16,13,1,25,21,14,7,15,4,6,8,12,x
611,21022011,13,6,18,4,16,8,2,3,14,9,23,5,21,19,20,x
612,24022011,9,23,2,15,3,10,25,7,18,1,19,6,17,13,16,x
613,28022011,2,10,5,13,7,22,6,25,20,23,16,12,11,14,17,x
614,03032011,16,1,18,6,22,5,12,9,7,11,20,19,17,23,13,x
615,05032011,19,7,11,17,1,8,2,23,4,20,24,22,25,21,12,x
616,10032011,9,6,16,15,1,22,2,25,21,18,10,17,24,12,19,x
617,14032011,14,3,19,22,24,21,4,2,15,5,25,10,16,7,1,x
618,17032011,2,22,4,12,9,1,20,7,19,6,5,21,24,17,13,x
619,21032011,19,21,8,17,14,3,1,7,18,9,13,20,25,4,23,x
620,24032011,10,16,18,21,14,7,6,12,20,1,5,11,15,22,19,x
621,28032011,3,2,9,25,16,22,5,10,24,8,12,20,15,6,1,x
622,31032011,3,13,17,5,7,11,10,15,6,9,2,4,21,18,12,x
623,04042011,2,11,5,15,8,3,20,10,1,4,9,23,25,12,22,x
624,07042011,24,18,5,7,4,21,2,20,12,11,17,1,9,6,16,x
625,11042011,3,14,23,16,24,13,6,15,11,2,10,8,17,22,1,x
626,14042011,9,2,11,7,24,8,19,5,17,13,1,3,23,21,4,x
627,18042011,23,25,6,10,2,17,1,14,15,3,21,4,22,12,24,x
628,20042011,19,10,13,7,8,18,2,25,9,4,22,15,3,11,23,x
629,25042011,7,21,12,17,25,1,2,14,9,19,6,5,15,22,4,x
630,28042011,6,22,20,13,2,17,18,7,24,12,1,14,25,4,23,x
631,02052011,16,2,10,17,9,3,13,18,14,20,7,21,19,8,5,x
632,05052011,24,10,13,6,16,25,11,21,8,22,17,14,1,20,4,x
633,09052011,22,2,8,7,12,23,20,24,6,3,25,9,21,10,18,x
634,12052011,21,9,15,20,5,22,3,19,12,4,10,18,2,11,14,x
635,16052011,1,4,11,19,5,8,18,9,24,7,13,6,20,22,12,x
636,19052011,3,1,4,13,6,21,19,20,25,12,10,16,23,14,2,x
637,23052011,18,2,9,7,25,19,22,13,6,4,20,23,16,17,21,x
638,26052011,2,3,18,4,21,24,14,13,19,9,11,1,16,23,25,x
639,30052011,21,22,12,4,10,8,6,19,2,16,9,20,1,5,24,x
640,02062011,1,16,9,21,14,3,18,4,22,5,23,20,11,19,13,x
641,06062011,11,2,18,19,24,16,9,21,22,6,13,3,7,8,20,x
642,09062011,18,13,8,10,12,25,2,5,21,20,1,4,11,19,22,x
643,13062011,24,10,19,8,16,13,2,9,17,7,21,22,4,23,1,x
644,16062011,12,9,6,21,7,5,18,24,8,13,15,14,3,2,22,x
645,20062011,25,19,23,21,4,11,16,20,9,22,10,8,13,18,5,x
646,24062011,1,17,23,6,25,15,5,3,9,21,18,19,14,10,20,x
647,27062011,19,9,14,20,22,18,6,23,4,8,11,7,17,13,25,x
648,30062011,20,8,9,22,13,19,2,21,6,10,15,16,4,11,18,x
649,04072011,1,14,2,11,17,24,9,8,6,21,15,4,5,10,22,x
650,07072011,16,19,24,1,25,14,13,23,8,3,20,10,21,17,7,x
651,11072011,13,5,15,10,14,25,18,6,4,20,1,24,8,17,19,x
652,14072011,17,7,2,21,20,13,19,5,9,16,11,14,10,23,18,x
653,18072011,16,3,20,1,19,17,22,13,12,23,14,21,7,8,2,x
654,21072011,25,20,12,13,16,3,7,19,22,17,14,1,2,18,23,x
655,25072011,20,13,21,19,11,25,5,14,8,2,15,7,24,10,23,x
656,28072011,3,18,8,14,15,5,22,9,20,7,25,11,23,2,13,x
657,01082011,13,25,19,17,8,23,5,15,2,10,4,6,24,12,3,x
658,04082011,6,4,17,7,23,24,14,25,9,21,11,15,1,5,10,x
659,08082011,23,3,8,12,10,24,6,9,20,1,15,11,4,5,19,x
660,11082011,17,5,15,16,4,9,3,7,6,12,19,24,14,8,25,x
661,15082011,1,7,20,22,3,15,24,6,23,17,10,19,18,11,12,x
662,18082011,7,14,13,2,8,15,1,9,6,3,19,16,22,11,20,x
663,22082011,13,4,21,19,2,6,24,17,9,16,22,5,23,11,7,x
664,25082011,18,15,1,23,24,20,7,21,13,3,10,16,4,17,14,x
665,29082011,21,3,13,2,17,7,15,22,24,14,20,6,18,12,25,x
666,01092011,12,24,11,6,7,14,4,16,1,25,2,18,15,20,21,x
667,05092011,13,15,10,4,17,25,8,6,24,3,20,19,21,18,5,x
668,08092011,11,25,15,1,13,9,20,24,23,10,17,7,12,16,2,x
669,13092011,15,16,25,19,2,23,4,5,22,6,18,17,12,13,24,x
670,15092011,1,18,21,20,14,7,25,10,22,15,8,12,23,17,13,x
671,19092011,10,9,18,20,8,13,5,19,12,11,7,4,14,22,24,x
672,22092011,11,21,24,19,4,10,15,1,9,2,6,17,23,12,25,x
673,26092011,2,17,4,15,10,13,11,9,12,14,20,8,5,19,7,x
674,29092011,10,3,14,11,23,2,16,22,20,24,18,19,25,15,8,x
675,03102011,13,7,5,2,11,22,23,15,4,17,24,14,3,10,16,x
676,06102011,25,15,19,24,6,12,21,16,5,8,13,4,10,2,20,x
677,10102011,16,12,2,19,25,10,6,1,13,7,5,8,15,23,11,x
678,13102011,23,2,19,18,3,15,20,12,9,5,21,7,10,25,24,x
679,17102011,22,11,10,17,15,14,20,2,21,13,19,8,12,7,18,x
680,20102011,3,6,8,9,19,13,21,4,18,12,20,7,22,16,14,x
681,24102011,4,18,6,14,15,16,23,11,19,2,8,7,3,10,12,x
682,27102011,4,18,22,24,19,25,14,2,1,17,5,11,8,7,6,x
683,31102011,8,15,6,12,9,5,1,4,13,23,10,24,2,7,11,x
684,03112011,4,8,22,25,1,13,24,20,14,21,11,12,5,10,16,x
685,07112011,20,22,1,25,15,4,12,23,3,21,9,19,13,17,24,x
686,10112011,20,1,6,12,3,24,16,4,13,19,7,10,22,25,23,x
687,14112011,18,19,13,20,23,1,6,3,24,15,12,25,4,2,9,x
688,17112011,21,23,7,1,4,14,3,19,2,24,9,12,22,16,11,x
689,21112011,11,23,13,8,17,7,4,24,2,3,12,5,15,22,6,x
690,24112011,3,15,24,12,20,1,10,14,25,13,9,2,18,19,11,x
691,28112011,22,1,20,6,7,17,9,8,23,3,18,11,19,13,2,x
692,01122011,4,22,17,12,10,11,24,23,18,2,6,19,1,7,21,x
693,05122011,6,14,17,7,1,4,2,11,9,22,19,3,10,16,21,x
694,08122011,3,16,15,11,10,6,21,8,14,1,9,24,19,18,20,x
695,12122011,24,22,13,3,5,21,17,18,19,20,4,11,2,25,14,x
696,15122011,5,20,15,4,9,7,22,13,24,16,11,21,1,10,14,x
697,19122011,3,7,24,19,8,1,11,23,22,14,16,15,2,25,18,x
698,22122011,4,6,12,22,7,21,20,9,15,3,14,24,10,18,2,x
699,26122011,22,18,3,8,4,21,19,6,2,25,23,10,9,16,15,x
700,29122011,10,21,25,1,22,18,13,2,16,6,7,14,8,19,9,x
701,02012012,17,4,20,21,16,10,19,13,12,3,22,23,25,14,8,x
702,05012012,4,14,25,8,23,5,13,3,1,10,2,7,20,6,9,x
703,09012012,8,24,15,23,2,18,11,21,25,20,17,14,22,5,10,x
704,12012012,15,17,8,16,11,24,14,22,5,23,2,13,6,3,10,x
705,16012012,15,21,22,20,12,9,6,14,11,25,7,8,16,3,4,x
706,19012012,22,18,21,16,8,1,25,12,19,24,3,13,6,2,4,x
707,23012012,25,8,11,20,16,7,3,24,17,12,21,15,14,4,6,x
708,26012012,1,19,14,6,2,16,21,3,24,5,11,25,4,9,22,x
709,30012012,6,8,20,12,11,7,14,18,3,1,22,15,16,19,23,x
710,02022012,19,3,17,14,20,25,21,6,4,18,15,12,24,2,22,x
711,06022012,2,12,18,21,6,4,1,24,10,22,16,5,15,7,13,x
712,08022012,9,4,20,18,17,16,8,15,22,21,23,12,1,25,14,x
713,10022012,23,11,22,6,2,13,15,21,25,5,14,3,19,4,24,x
714,13022012,13,17,7,19,6,10,21,12,15,14,4,11,8,9,22,x
715,15022012,8,15,24,5,20,18,3,25,13,11,22,1,23,10,14,x
716,17022012,21,23,11,18,7,3,12,16,8,20,14,15,25,1,5,x
717,22022012,5,9,18,21,23,2,1,14,11,8,7,20,16,3,25,x
718,24022012,22,19,3,14,4,24,9,13,21,11,23,25,7,15,17,x
719,27022012,18,11,22,24,10,2,15,16,9,23,13,25,8,7,19,x
720,01032012,4,9,17,16,12,24,7,23,13,18,10,20,11,25,21,x
721,02032012,5,21,15,14,3,9,12,7,19,10,11,8,4,2,1,x
722,05032012,7,1,23,19,6,8,5,20,3,14,10,17,24,13,16,x
723,07032012,3,14,9,8,20,11,4,5,7,15,24,2,12,10,18,x
724,09032012,7,6,20,12,23,14,18,10,19,1,25,3,24,15,5,x
725,12032012,5,17,13,1,21,16,15,24,7,6,18,10,9,25,12,x
726,14032012,10,16,20,25,21,7,13,11,24,2,15,4,9,1,14,x
727,16032012,25,8,23,3,24,16,11,20,6,21,9,18,22,7,4,x
728,19032012,13,23,11,7,25,16,6,20,10,19,8,22,21,3,4,x
729,21032012,10,2,14,12,9,22,6,3,25,15,23,17,1,7,4,x
730,23032012,22,24,21,19,4,1,20,12,18,16,8,11,3,14,25,x
731,26032012,4,7,18,8,6,21,24,14,22,17,3,12,15,19,11,x
732,28032012,25,14,1,11,13,24,20,8,23,9,10,4,22,17,21,x
733,30032012,8,18,11,14,4,22,1,16,24,20,7,5,12,6,19,x
734,02042012,24,15,2,3,19,20,23,8,9,21,13,17,6,18,10,x
735,04042012,8,20,22,5,11,24,13,21,19,14,12,25,17,10,6,x
736,07042012,4,10,2,17,13,15,21,9,3,23,8,16,6,19,5,x
737,09042012,3,7,18,4,16,25,5,10,22,2,12,6,17,14,8,x
738,11042012,25,23,13,6,14,11,16,18,9,7,2,24,19,20,12,x
739,13042012,11,25,14,2,22,20,8,9,10,17,3,21,4,23,24,x
740,16042012,10,21,11,13,24,9,5,22,4,1,19,12,25,14,23,x
741,18042012,18,3,14,12,24,5,21,11,2,7,17,13,10,25,16,x
742,20042012,23,20,1,7,6,5,14,21,8,11,3,15,13,9,19,x
743,23042012,12,11,3,10,2,24,14,17,1,15,21,6,9,22,23,x
744,25042012,9,3,4,12,10,13,6,16,11,1,19,23,7,15,24,x
745,27042012,7,1,17,12,16,24,8,9,3,6,11,20,22,25,13,x
746,30042012,16,18,9,8,25,17,10,24,2,20,21,19,4,3,5,x
747,02052012,24,4,10,23,12,15,7,20,2,13,6,16,17,1,3,x
748,04052012,4,18,23,17,9,15,5,6,10,12,21,20,8,3,1,x
749,07052012,24,2,7,8,18,11,6,22,14,13,1,4,19,15,3,x
750,09052012,9,3,2,20,25,4,13,7,10,19,5,21,11,15,24,x
751,11052012,14,17,20,23,13,12,6,3,9,16,22,5,8,19,21,x
752,14052012,13,6,24,21,19,14,16,8,12,1,25,4,18,7,5,x
753,16052012,7,3,11,1,22,8,5,13,21,14,6,4,17,25,20,x
754,18052012,1,19,5,16,4,20,15,18,24,7,23,22,17,13,25,x
755,21052012,14,24,3,5,25,11,17,2,7,8,13,1,10,16,12,x
756,23052012,15,17,3,20,14,13,8,25,5,6,10,16,22,7,23,x
757,25052012,4,10,11,1,21,20,9,14,17,18,3,23,8,13,15,x
758,28052012,15,18,24,4,5,6,17,16,11,2,20,12,1,25,23,x
759,30052012,20,23,8,16,25,7,5,17,15,18,24,19,2,9,10,x
760,01062012,11,24,2,15,9,25,3,12,13,10,7,1,23,16,17,x
761,04062012,15,11,4,6,1,19,16,13,20,14,12,24,5,10,22,x
762,06062012,7,11,21,13,22,2,1,10,17,3,9,12,5,6,14,x
763,08062012,18,16,21,1,14,25,13,3,6,7,24,4,2,17,22,x
764,11062012,25,4,1,8,23,17,19,3,24,9,11,14,6,16,12,x
765,13062012,14,23,13,25,12,1,2,18,3,9,20,10,7,24,8,x
766,15062012,24,25,12,9,21,15,7,5,16,3,6,14,13,1,18,x
767,18062012,1,11,15,12,5,8,22,24,17,19,23,4,3,7,10,x
768,20062012,11,3,23,19,25,15,6,12,17,20,14,24,5,1,13,x
769,22062012,5,11,4,23,22,16,15,25,7,13,17,10,3,19,20,x
770,25062012,17,12,4,24,1,3,18,6,25,11,22,16,5,9,21,x
771,27062012,20,7,22,25,2,4,6,9,5,23,8,14,17,10,16,x
772,29062012,16,2,12,20,7,6,9,25,15,8,11,24,10,4,23,x
773,02072012,6,18,20,15,8,17,7,10,2,25,22,11,13,24,5,x
774,04072012,19,11,14,6,1,15,18,12,3,8,22,9,4,5,25,x
775,06072012,6,17,12,2,18,10,20,3,16,13,19,8,7,14,9,x
776,09072012,10,24,22,14,2,18,13,4,23,12,1,11,20,3,19,x
777,11072012,21,15,9,25,2,11,14,12,24,3,6,13,20,23,16,x
778,13072012,11,15,20,10,6,9,7,19,24,2,13,25,16,5,22,x
779,16072012,16,20,19,21,14,23,5,13,8,9,22,12,4,17,11,x
780,18072012,21,20,15,8,13,17,16,3,19,24,6,7,18,25,10,x
781,20072012,11,1,2,22,10,25,9,15,4,19,16,8,14,20,17,x
782,23072012,18,13,5,14,20,12,10,17,21,15,19,16,11,9,8,x
783,25072012,20,16,1,8,19,7,2,5,6,13,24,15,22,11,21,x
784,27072012,1,12,2,20,23,13,15,4,21,11,3,7,22,18,25,x
785,30072012,12,11,13,1,17,10,23,15,6,7,4,19,16,21,2,x
786,01082012,21,15,23,24,5,11,8,25,6,10,17,2,4,13,12,x
787,03082012,8,4,10,12,16,1,5,14,9,20,17,19,13,11,23,x
788,06082012,3,12,4,11,24,9,1,22,16,21,25,19,23,8,10,x
789,08082012,18,12,15,3,22,14,8,19,11,2,24,10,21,4,16,x
790,10082012,8,3,7,12,16,10,19,23,18,20,22,13,25,24,6,x
791,13082012,11,8,1,7,2,23,14,22,3,10,21,25,6,13,5,x
792,15082012,20,12,25,14,8,19,21,9,2,3,1,23,6,10,18,x
793,17082012,17,5,20,16,14,23,11,21,2,12,9,4,25,7,18,x
794,20082012,2,15,14,9,3,23,5,24,4,8,20,1,25,6,11,x
795,22082012,9,10,1,3,7,12,8,24,21,14,4,6,2,16,22,x
796,24082012,18,24,11,14,6,21,8,4,10,20,2,16,7,17,3,x
797,27082012,8,7,24,19,2,20,21,11,17,18,3,15,5,25,6,x
798,29082012,16,18,13,24,19,23,22,10,6,8,1,5,11,3,15,x
799,31082012,22,3,11,15,14,21,23,24,16,6,19,25,8,13,4,x
800,06092012,16,13,10,22,12,7,9,6,8,11,4,24,3,21,20,x
801,10092012,25,3,17,1,6,23,21,10,12,7,19,4,18,15,5,x
802,12092012,22,4,9,13,21,14,5,3,10,12,18,8,20,1,25,x
803,14092012,16,25,20,1,17,24,18,14,5,4,19,23,15,12,21,x
804,17092012,1,13,7,23,24,6,3,20,18,17,5,4,21,8,15,x
805,19092012,17,6,11,25,1,16,24,13,14,20,2,4,9,22,7,x
806,21092012,14,25,10,5,3,15,1,20,2,16,24,19,8,7,6,x
807,24092012,19,7,22,25,8,24,11,13,10,21,18,5,4,3,2,x
808,26092012,18,6,17,10,16,24,12,22,4,11,21,14,7,20,25,x
809,28092012,5,2,21,18,1,25,13,16,24,7,9,23,22,19,4,x
810,01102012,6,3,23,15,22,1,24,16,18,12,17,7,21,9,11,x
811,03102012,4,2,17,20,12,3,7,14,19,10,1,5,22,9,6,x
812,05102012,18,1,5,14,20,8,17,24,3,19,11,21,23,7,25,x
813,08102012,3,8,23,1,16,21,10,12,7,5,19,4,24,25,6,x
814,10102012,11,12,4,8,17,21,10,24,13,20,19,3,14,22,23,x
815,13102012,10,20,14,25,8,11,18,7,17,15,22,6,21,23,24,x
816,15102012,13,17,5,25,19,12,8,15,2,3,23,10,16,9,11,x
817,17102012,10,23,8,4,25,12,17,24,11,20,18,2,3,5,1,x
818,19102012,8,24,22,11,5,14,16,23,10,19,25,6,4,20,13,x
819,22102012,12,22,8,6,18,5,3,21,20,19,4,7,9,11,10,x
820,24102012,3,8,22,9,2,1,7,24,6,16,5,13,23,15,10,x
821,26102012,25,17,24,7,10,11,3,9,12,21,5,16,23,14,4,x
822,29102012,3,15,22,11,24,2,14,18,12,5,19,17,21,16,23,x
823,31102012,2,5,12,16,20,24,22,9,25,11,13,19,4,1,14,x
824,03112012,22,4,3,7,19,21,24,14,20,11,15,25,13,2,12,x
825,05112012,14,22,13,25,23,7,1,15,9,11,17,8,6,10,19,x
826,07112012,16,5,20,19,3,23,24,6,14,18,13,12,21,15,17,x
827,09112012,4,1,10,17,5,16,12,2,9,22,7,14,21,24,13,x
828,12112012,19,9,15,8,23,17,25,14,6,7,20,12,24,22,1,x
829,14112012,8,22,5,14,16,9,23,11,7,2,13,25,24,18,17,x
830,16112012,10,11,1,19,14,23,21,9,6,16,4,12,24,17,13,x
831,19112012,18,2,1,14,22,11,17,5,9,10,3,12,20,21,16,x
832,21112012,19,15,6,12,24,10,2,16,8,22,7,25,11,5,23,x
833,23112012,11,16,12,2,5,17,6,25,22,19,10,7,20,18,13,x
834,26112012,10,14,23,19,22,4,2,18,7,21,9,16,8,11,20,x
835,28112012,2,15,19,18,14,25,8,4,17,6,12,21,16,1,24,x
836,30112012,9,18,12,15,4,10,14,21,20,16,25,8,7,22,2,x
837,03122012,16,10,15,22,13,12,7,3,11,8,1,18,24,14,20,x
838,05122012,9,15,18,10,23,20,14,21,16,4,2,24,5,11,7,x
839,07122012,21,19,6,3,22,7,16,17,25,24,13,2,8,14,4,x
840,10122012,13,21,20,4,19,6,18,17,25,9,11,22,2,23,12,x
841,12122012,21,24,13,5,10,14,3,12,17,20,6,16,1,8,15,x
842,14122012,10,3,15,13,20,19,5,18,14,4,7,22,11,21,24,x
843,17122012,16,20,7,24,15,22,19,21,12,13,3,4,17,11,8,x
844,19122012,25,24,8,17,22,12,19,1,3,15,10,16,5,9,7,x
845,21122012,12,7,2,4,25,23,21,18,11,22,19,16,14,24,6,x
846,24122012,9,10,24,20,15,23,14,1,21,11,6,4,19,13,25,x
847,26122012,17,11,21,7,9,18,14,13,20,1,6,25,10,3,5,x
848,28122012,2,25,24,9,23,18,21,5,19,16,3,13,14,8,17,x
849,31122012,14,4,25,5,17,12,23,10,20,15,24,16,1,18,13,x
850,02012013,23,20,2,14,18,13,3,7,24,10,19,21,8,5,22,x
851,04012013,20,4,1,5,10,22,17,18,24,6,14,15,13,7,19,x
852,07012013,25,4,21,5,23,1,11,20,2,12,16,18,24,3,8,x
853,09012013,21,6,19,12,20,23,18,2,11,5,3,17,9,8,22,x
854,11012013,14,10,18,17,15,1,13,8,21,5,3,2,9,22,20,x
855,14012013,8,1,9,14,18,17,23,3,13,4,10,11,25,24,15,x
856,16012013,13,22,3,7,9,12,20,2,25,8,23,19,15,11,16,x
857,18012013,13,15,18,20,8,3,14,11,21,1,4,16,6,24,19,x
858,21012013,4,22,23,20,5,3,9,11,12,25,6,19,1,17,8,x
859,23012013,4,2,10,5,19,13,18,17,14,9,6,11,20,1,3,x
860,25012013,19,25,7,16,14,3,6,15,4,24,10,13,22,5,9,x
861,28012013,19,2,4,17,11,23,6,14,1,10,15,7,22,3,9,x
862,30012013,20,3,14,19,23,1,4,13,17,15,18,2,10,24,5,x
863,01022013,1,19,3,18,24,4,23,16,15,22,8,17,7,13,25,x
864,04022013,15,3,18,17,23,13,10,19,8,16,22,12,6,24,21,x
865,06022013,10,22,1,13,5,19,21,7,25,4,6,3,23,20,18,x
866,08022013,24,14,5,10,23,20,9,13,2,11,18,7,1,3,8,x
867,13022013,7,6,8,3,13,21,14,10,25,2,15,22,12,5,4,x
868,15022013,8,3,21,12,16,10,19,9,14,1,22,24,2,17,13,x
869,18022013,9,25,22,1,24,12,14,10,20,3,11,23,6,18,21,x
870,20022013,7,13,18,12,14,17,1,8,23,10,5,6,4,16,2,x
871,22022013,4,23,9,13,17,6,8,24,14,10,22,19,2,15,12,x
872,25022013,7,2,5,22,12,1,23,18,4,17,6,13,10,14,9,x
873,27022013,7,6,11,9,15,14,17,25,13,12,8,18,3,2,22,x
874,01032013,16,23,8,1,7,20,4,10,5,21,19,2,25,9,6,x
875,04032013,4,9,21,24,12,15,13,22,6,23,25,10,2,8,18,x
876,06032013,6,14,9,21,20,16,18,13,7,5,24,25,3,12,23,x
877,08032013,23,10,16,11,19,3,15,14,25,18,21,7,8,9,13,x
878,11032013,22,19,7,25,6,2,23,3,13,10,14,1,5,16,12,x
879,13032013,9,2,25,13,4,18,22,3,15,12,16,24,7,10,21,x
880,15032013,8,14,2,5,19,22,25,6,18,10,21,24,7,16,23,x
881,18032013,21,4,8,1,7,3,20,23,16,19,6,15,5,22,9,x
882,20032013,10,2,12,19,7,17,22,25,14,13,18,24,11,8,1,x
883,22032013,22,21,6,12,8,18,3,17,25,19,10,5,7,16,9,x
884,25032013,17,10,12,21,25,19,9,8,13,4,15,7,18,20,1,x
885,27032013,7,19,23,17,8,16,2,18,9,11,22,24,12,5,15,x
886,30032013,15,21,12,13,1,8,23,16,20,4,3,10,11,17,7,x
887,01042013,15,10,8,6,1,21,25,19,11,12,24,18,17,23,20,x
888,03042013,13,20,12,22,6,11,1,18,17,19,14,24,16,3,21,x
889,05042013,5,7,19,2,6,25,12,9,4,21,13,22,16,11,18,x
890,08042013,3,7,1,11,23,6,17,19,24,4,2,18,8,5,16,x
891,10042013,5,24,17,23,8,16,19,15,7,25,14,12,6,1,21,x
892,12042013,6,24,13,3,14,2,19,10,16,20,17,21,22,1,5,x
893,15042013,8,23,22,6,3,2,5,24,16,9,11,4,1,15,20,x
894,17042013,21,2,18,15,22,6,9,13,12,19,24,25,14,5,1,x
895,19042013,25,13,18,17,21,2,5,16,8,12,6,11,3,19,4,x
896,22042013,8,13,15,1,2,7,12,20,18,4,17,19,3,6,23,x
897,24042013,23,21,9,16,1,11,8,13,10,2,17,14,7,5,18,x
898,26042013,14,1,24,20,10,11,4,18,12,8,9,21,6,13,25,x
899,29042013,21,9,20,25,4,10,23,7,15,16,1,14,17,18,12,x
900,03052013,2,11,7,20,6,25,15,1,13,8,22,10,24,18,12,x
901,06052013,22,1,7,6,24,10,16,23,4,13,18,12,14,25,2,x
902,08052013,24,2,11,4,8,17,5,25,9,1,6,3,20,21,23,x
903,10052013,6,20,5,16,8,18,10,2,15,11,13,3,4,1,22,x
904,13052013,10,17,16,18,20,22,13,24,7,19,6,9,1,12,5,x
905,15052013,6,14,20,16,4,11,12,21,1,22,8,23,17,10,13,x
906,17052013,5,3,7,10,8,12,22,6,24,1,17,21,18,2,9,x
907,20052013,14,4,8,23,5,3,21,13,2,7,20,16,15,22,10,x
908,22052013,1,15,4,10,12,23,17,13,25,2,18,6,24,9,7,x
909,24052013,1,8,6,18,3,12,20,13,21,11,7,10,2,22,5,x
910,27052013,5,11,17,8,6,24,25,20,16,18,3,19,4,13,9,x
911,29052013,24,2,17,5,11,21,6,22,25,15,23,3,8,1,13,x
912,31052013,17,14,20,23,15,22,16,4,18,7,21,2,10,3,19,x
913,03062013,25,22,20,10,19,24,13,5,18,12,6,17,4,15,3,x
914,05062013,5,4,22,12,24,3,1,11,23,18,17,15,6,10,20,x
915,07062013,11,20,24,2,10,4,13,5,23,25,8,22,18,1,6,x
916,10062013,6,24,17,5,19,4,13,18,3,23,7,1,2,14,11,x
917,12062013,3,21,1,5,4,14,11,20,19,6,13,22,24,2,17,x
918,14062013,1,23,8,9,4,22,21,3,2,13,6,16,17,14,15,x
919,17062013,5,13,4,21,14,11,3,1,22,7,17,9,19,2,10,x
920,19062013,19,2,5,4,1,3,23,10,6,16,20,15,13,12,22,x
921,21062013,18,4,3,16,17,15,2,25,24,21,9,7,12,1,19,x
922,24062013,23,2,17,21,8,12,4,9,5,20,6,22,16,24,15,x
923,26062013,14,15,1,7,4,19,22,12,5,6,10,20,24,25,3,x
924,28062013,16,8,17,2,20,7,6,12,18,1,10,19,14,24,9,x
925,01072013,12,3,16,23,7,25,22,1,4,6,24,14,13,9,15,x
926,03072013,14,1,11,19,15,5,13,24,9,12,7,6,10,8,21,x
927,05072013,23,22,2,5,9,6,3,14,13,21,16,17,11,20,25,x
928,08072013,11,14,1,9,19,4,12,24,6,8,10,25,17,15,23,x
929,10072013,23,2,18,25,14,1,21,11,9,8,20,7,4,5,10,x
930,12072013,9,20,24,2,11,14,15,16,5,25,6,12,22,23,3,x
931,15072013,20,19,16,5,8,3,25,14,12,10,22,11,2,6,24,x
932,17072013,16,18,4,8,12,13,20,14,1,25,21,5,23,15,22,x
933,19072013,14,17,19,15,7,5,11,24,23,2,16,4,10,6,3,x
934,22072013,22,24,21,8,20,3,23,4,14,25,11,9,2,10,19,x
935,24072013,7,22,19,18,3,4,1,2,10,14,23,5,6,12,9,x
936,26072013,7,4,1,8,18,25,2,15,3,13,6,17,20,19,23,x
937,29072013,23,2,20,14,25,19,6,9,1,11,13,24,10,16,12,x
938,31072013,19,6,7,17,20,15,11,25,13,16,18,3,4,10,2,x
939,02082013,11,21,25,1,7,5,20,9,10,18,16,6,4,19,15,x
940,05082013,25,14,18,24,4,17,3,2,9,20,19,16,13,7,6,x
941,07082013,11,25,16,3,15,18,4,5,2,9,10,7,1,8,23,x
942,09082013,13,18,5,1,21,6,4,24,11,22,12,3,7,19,20,x
943,12082013,5,18,14,13,12,10,23,3,6,9,15,21,17,4,22,x
944,14082013,16,9,21,8,10,12,11,24,19,1,14,13,25,17,18,x
945,16082013,13,4,21,2,9,20,3,19,24,6,18,23,11,25,5,x
946,19082013,1,22,10,24,14,20,21,16,7,19,25,18,9,8,17,x
947,21082013,3,9,7,16,22,18,10,1,11,12,5,24,15,2,20,x
948,23082013,18,2,5,16,21,6,11,9,13,1,19,24,22,8,17,x
949,26082013,10,17,11,23,8,15,12,6,13,9,14,7,1,21,16,x
950,28082013,25,12,20,5,21,17,9,8,4,14,13,2,18,7,19,x
951,30082013,21,7,25,19,10,17,14,9,15,3,22,8,13,20,23,x
952,07092013,12,3,18,17,6,4,8,11,14,23,19,21,25,22,1,x
953,09092013,1,9,13,12,21,16,10,7,24,15,14,18,5,2,6,x
954,11092013,11,14,25,23,6,20,13,8,24,3,16,18,12,10,5,x
955,13092013,4,5,16,7,24,11,1,12,21,14,2,9,13,18,10,x
956,16092013,5,6,16,13,2,12,17,22,8,4,21,11,18,3,19,x
957,18092013,24,15,22,5,8,6,1,23,16,25,13,21,4,7,3,x
958,20092013,19,14,24,4,6,20,5,1,9,17,21,16,12,13,22,x
959,23092013,9,19,25,5,12,24,16,20,11,2,22,21,14,23,6,x
960,25092013,16,14,1,6,7,2,24,17,10,4,20,21,12,18,3,x
961,27092013,1,4,18,20,7,12,22,2,11,15,25,21,5,9,3,x
962,30092013,15,1,6,25,14,13,23,21,22,4,17,20,8,9,11,x
963,02102013,11,23,15,14,7,3,19,18,9,16,17,6,4,10,24,x
964,04102013,2,23,4,9,15,1,20,3,10,19,11,7,18,17,21,x
965,07102013,13,18,14,24,19,15,10,22,21,8,16,3,4,11,9,x
966,09102013,4,11,6,21,7,5,12,3,10,17,2,8,25,19,22,x
967,11102013,17,4,25,16,22,11,23,21,2,10,20,8,6,9,3,x
968,14102013,11,7,9,20,19,5,3,4,2,18,14,16,21,13,25,x
969,16102013,16,17,20,18,5,1,4,12,24,3,10,22,19,11,9,x
970,18102013,15,18,6,9,1,17,8,12,19,20,3,21,10,23,24,x
971,21102013,22,24,4,9,7,10,5,20,11,6,18,21,3,23,25,x
972,23102013,22,1,13,15,8,23,25,20,21,11,3,6,16,14,24,x
973,25102013,22,14,6,3,1,24,5,11,8,25,2,20,15,21,18,x
974,28102013,1,21,12,22,6,4,14,10,9,7,19,8,17,15,24,x
975,30102013,11,12,6,10,16,19,2,20,4,1,17,24,14,13,7,x
976,01112013,19,13,25,14,6,2,10,1,23,21,24,7,3,11,4,x
977,04112013,22,1,2,14,11,17,10,7,23,18,13,20,24,8,6,x
978,06112013,13,18,4,11,15,3,16,7,14,5,9,25,12,8,6,x
979,08112013,6,16,9,19,25,23,22,2,21,24,5,10,7,8,14,x
980,11112013,12,22,9,24,20,11,7,10,21,2,6,8,17,13,1,x
981,13112013,22,24,16,6,9,2,4,18,19,1,25,8,3,12,21,x
982,16112013,14,5,23,3,4,21,9,7,1,13,17,18,6,24,20,x
983,18112013,14,8,15,2,10,7,4,18,19,25,5,21,16,11,6,x
984,20112013,25,15,13,4,2,9,24,12,23,10,22,8,11,20,21,x
985,22112013,3,21,9,13,24,6,4,17,12,7,22,14,18,23,25,x
986,25112013,2,14,7,13,1,11,22,21,23,20,15,5,16,24,18,x
987,27112013,22,15,2,20,4,12,9,19,7,13,6,5,18,11,23,x
988,29112013,15,3,20,9,13,7,17,11,1,24,25,5,12,16,19,x
989,02122013,13,15,4,22,10,9,8,19,14,3,24,17,18,6,23,x
990,04122013,7,8,13,19,20,6,24,22,10,11,12,16,15,5,1,x
991,06122013,14,7,9,2,6,22,21,24,17,1,15,12,25,5,18,x
992,09122013,5,17,8,24,20,15,11,13,9,3,19,1,7,4,10,x
993,11122013,7,5,12,17,20,4,2,25,24,9,14,21,10,23,22,x
994,13122013,25,23,12,18,8,15,5,11,16,9,3,22,13,7,14,x
995,16122013,14,2,23,9,20,12,13,8,7,3,22,17,4,24,1,x
996,18122013,20,18,21,9,24,2,17,4,16,6,3,13,25,7,23,x
997,20122013,2,24,22,4,18,7,15,10,19,5,12,23,16,17,9,x
998,23122013,19,1,5,3,22,2,14,12,9,20,11,17,21,23,4,x
999,27122013,6,2,14,16,24,15,18,10,1,13,21,8,12,5,7,x
1000,30122013,13,16,11,14,4,18,22,3,8,17,20,12,15,19,2,x
1001,03012014,23,8,6,17,14,25,21,13,12,10,19,11,5,20,7,x
1002,06012014,22,18,17,8,12,4,24,21,15,20,14,3,13,16,10,x
1003,09012014,1,12,25,3,21,16,10,20,14,17,19,8,2,23,6,x
1004,10012014,12,21,10,3,6,22,15,18,25,19,14,20,2,1,24,x
1005,13012014,21,9,18,20,10,1,14,22,12,19,24,15,16,5,7,x
1006,15012014,4,7,6,5,15,22,13,3,16,23,1,24,20,14,9,x
1007,17012014,24,6,2,20,11,25,9,3,12,7,22,1,23,10,18,x
1008,20012014,19,12,13,7,6,18,3,16,10,8,22,17,9,1,21,x
1009,22012014,9,6,4,12,18,11,24,2,10,20,17,14,22,19,15,x
1010,24012014,11,4,21,8,14,10,1,2,15,19,13,23,6,16,22,x
1011,27012014,4,19,9,25,18,10,17,7,23,3,24,15,1,13,5,x
1012,29012014,16,17,1,25,7,15,12,24,18,9,11,21,14,2,22,x
1013,31012014,7,18,1,4,20,17,3,19,11,21,13,23,10,2,5,x
1014,03022014,13,24,14,10,25,9,2,8,1,18,12,23,17,22,20,x
1015,05022014,3,23,18,13,17,21,1,7,2,5,15,8,20,16,6,x
1016,07022014,15,3,19,20,25,2,21,23,1,12,6,14,5,11,16,x
1017,10022014,21,4,16,10,9,3,2,19,8,11,12,17,23,1,15,x
1018,12022014,11,17,2,19,18,7,5,10,8,16,14,22,12,24,4,x
1019,14022014,22,3,18,8,12,20,7,5,21,2,4,17,23,1,10,x
1020,17022014,7,12,20,21,18,9,5,2,15,24,3,19,11,16,13,x
1021,19022014,1,21,20,13,9,6,14,22,15,18,5,16,10,19,23,x
1022,21022014,25,9,10,21,3,22,18,5,16,7,8,4,24,1,14,x
1023,24022014,21,18,9,11,16,14,8,23,6,22,3,7,13,2,1,x
1024,26022014,7,2,23,4,14,13,20,17,10,9,12,22,11,21,1,x
1025,28022014,16,11,9,22,1,13,19,14,25,7,18,17,2,15,23,x
1026,05032014,1,6,7,12,19,11,20,16,24,18,14,23,5,15,21,x
1027,07032014,10,14,19,1,16,9,25,15,6,5,12,3,8,21,23,x
1028,10032014,4,25,5,11,24,17,20,7,10,19,6,9,8,23,16,x
1029,12032014,2,6,22,13,24,19,14,25,1,18,11,23,17,3,8,x
1030,14032014,19,8,15,16,2,23,11,4,20,3,1,17,9,18,10,x
1031,17032014,12,4,9,24,11,14,17,2,22,5,19,15,1,6,20,x
1032,19032014,23,4,2,6,3,10,20,11,8,17,16,13,18,14,1,x
1033,21032014,13,4,18,17,7,14,12,23,16,6,21,24,22,8,3,x
1034,24032014,8,2,23,3,13,17,12,6,21,10,20,18,14,19,4,x
1035,26032014,15,13,21,19,25,20,7,6,12,14,9,18,23,4,22,x
1036,28032014,14,12,7,22,18,21,4,9,11,5,19,24,10,17,20,x
1037,31032014,11,20,9,25,17,18,1,12,24,5,15,21,6,10,23,x
1038,02042014,8,10,24,19,6,7,20,18,16,9,17,2,13,21,25,x
1039,04042014,21,1,15,18,9,2,19,14,22,20,3,12,24,8,13,x
1040,07042014,10,12,4,23,25,9,2,1,6,16,20,22,13,21,8,x
1041,09042014,25,20,12,21,19,15,24,5,10,23,3,7,13,1,17,x
1042,11042014,7,1,15,10,21,14,16,24,6,11,22,9,3,8,19,x
1043,14042014,6,25,7,17,14,12,18,11,1,2,9,19,8,24,10,x
1044,16042014,17,10,20,24,11,6,12,23,5,2,8,15,4,7,25,x
1045,19042014,24,23,20,6,9,17,3,25,16,2,11,5,22,21,15,x
1046,23042014,13,14,21,3,7,12,18,4,11,25,20,5,22,8,23,x
1047,25042014,15,21,20,11,17,24,8,22,12,7,9,10,16,4,25,x
1048,28042014,15,16,1,20,9,17,10,2,21,25,18,7,3,6,5,x
1049,30042014,18,17,20,9,12,22,25,21,4,23,14,2,5,19,16,x
1050,02052014,24,1,7,15,21,22,25,17,19,4,6,13,10,12,16,x
1051,05052014,3,8,4,7,14,13,16,23,20,10,25,2,18,21,11,x
1052,07052014,18,8,3,1,5,11,24,21,10,23,6,16,20,17,4,x
1053,09052014,14,12,24,17,22,13,2,6,4,1,3,15,18,11,23,x
1054,12052014,20,15,9,5,3,24,17,12,6,16,4,2,25,18,13,x
1055,14052014,12,7,1,24,10,2,8,9,25,22,14,18,13,3,23,x
1056,16052014,22,15,18,4,6,21,10,23,9,14,2,8,5,11,19,x
1057,19052014,19,25,13,7,20,11,9,6,23,4,21,16,14,1,8,x
1058,21052014,22,9,24,17,6,12,25,18,13,4,21,20,7,5,16,x
1059,23052014,21,24,8,19,3,20,7,15,16,11,2,1,22,5,14,x
1060,26052014,17,7,20,13,4,14,16,8,2,15,1,5,22,23,21,x
1061,28052014,24,12,15,2,14,23,16,21,5,22,3,7,19,9,8,x
1062,30052014,8,7,13,4,9,16,23,17,3,19,15,11,5,25,20,x
1063,02062014,14,24,6,10,16,25,15,7,13,2,22,5,21,12,20,x
1064,04062014,15,25,9,7,11,10,14,2,24,8,16,18,19,21,3,x
1065,06062014,12,20,14,21,5,15,4,2,19,24,6,25,17,22,3,x
1066,09062014,10,24,6,16,21,5,4,22,14,11,17,19,2,18,23,x
1067,11062014,21,15,1,3,5,14,2,11,17,4,10,25,7,13,22,x
1068,13062014,24,20,18,10,14,17,11,13,21,15,16,6,2,22,7,x
1069,16062014,22,23,17,15,1,11,16,4,8,12,3,10,13,25,24,x
1070,18062014,9,22,18,23,4,20,25,11,13,19,12,10,21,16,24,x
1071,20062014,11,6,14,16,3,2,13,17,21,4,22,24,5,10,12,x
1072,23062014,2,4,7,22,23,25,14,17,20,3,13,1,5,15,9,x
1073,25062014,13,20,17,16,23,5,3,6,1,19,22,4,7,24,21,x
1074,27062014,9,10,8,25,13,11,17,22,23,24,21,1,4,7,20,x
1075,30062014,21,15,16,24,6,17,1,18,22,12,2,23,25,9,10,x
1076,02072014,18,15,12,11,20,13,17,9,16,25,4,14,21,10,22,x
1077,04072014,20,19,12,13,2,5,8,24,7,15,6,21,14,10,1,x
1078,07072014,23,13,6,24,11,25,2,10,21,7,18,17,5,4,9,x
1079,09072014,15,24,6,11,22,5,13,20,16,19,8,17,7,21,14,x
1080,11072014,5,14,3,17,12,21,2,16,10,6,23,22,15,25,11,x
1081,14072014,21,10,5,16,13,12,14,1,15,22,18,19,6,7,23,x
1082,16072014,24,10,9,19,11,7,23,16,3,18,17,21,13,22,15,x
1083,18072014,1,18,20,11,16,24,17,4,6,23,2,13,3,22,21,x
1084,21072014,7,4,24,25,17,18,1,6,21,13,9,5,3,2,10,x
1085,23072014,25,19,21,7,9,14,6,10,18,23,8,3,24,16,22,x
1086,25072014,19,7,24,21,12,15,5,17,2,13,18,4,10,22,23,x
1087,28072014,6,17,19,2,24,18,16,20,12,3,23,4,9,13,21,x
1088,30072014,6,19,12,22,7,3,1,2,18,10,5,13,9,20,23,x
1089,01082014,15,8,4,16,24,3,23,6,2,13,22,14,12,21,19,x
1090,04082014,11,22,15,9,5,21,14,20,24,18,13,3,10,8,17,x
1091,06082014,5,7,6,25,16,4,23,24,13,20,14,10,9,2,12,x
1092,08082014,25,4,24,5,20,9,14,22,8,11,13,12,15,18,19,x
1093,11082014,1,10,5,11,6,18,4,9,25,22,23,24,21,2,13,x
1094,13082014,22,5,16,10,3,2,9,8,14,1,4,6,12,19,25,x
1095,15082014,16,2,24,9,15,21,22,5,18,25,6,17,3,23,7,x
1096,18082014,25,12,8,4,22,20,13,23,2,7,10,14,21,15,1,x
1097,20082014,10,4,16,9,24,12,15,23,18,25,20,19,14,5,6,x
1098,22082014,11,14,12,7,25,24,23,16,3,10,15,4,18,8,5,x
1099,25082014,8,22,14,7,11,16,6,3,24,25,23,21,2,12,13,x
1100,27082014,24,16,7,11,14,18,6,10,23,20,5,19,9,15,12,x
1101,29082014,1,10,3,25,24,23,11,18,17,19,6,2,9,15,13,x
1102,07092014,3,20,18,6,8,2,19,15,23,24,21,14,22,12,5,x
1103,08092014,10,7,12,14,18,4,25,5,16,2,21,9,20,11,22,x
1104,10092014,15,9,14,2,21,6,19,18,11,8,23,22,13,16,5,x
1105,12092014,11,9,13,25,24,17,18,15,1,6,4,20,23,7,2,x
1106,15092014,11,10,15,24,19,3,12,14,23,2,13,16,4,21,9,x
1107,17092014,1,19,16,10,4,18,20,11,24,12,8,21,14,9,2,x
1108,19092014,12,17,25,22,21,8,14,2,1,5,7,13,24,9,4,x
1109,22092014,4,9,8,1,6,11,17,20,7,18,19,21,25,5,10,x
1110,24092014,25,1,15,10,9,2,3,4,6,20,24,22,19,17,18,x
1111,26092014,15,9,2,13,23,14,22,6,25,3,24,16,11,12,4,x
1112,29092014,17,16,20,7,2,22,15,8,12,1,24,6,3,18,13,x
1113,01102014,7,22,24,1,15,20,19,17,9,25,14,12,6,13,3,x
1114,03102014,20,5,8,18,12,6,22,4,11,10,19,1,15,2,3,x
1115,06102014,8,23,3,22,17,11,20,18,7,24,9,10,2,12,25,x
1116,08102014,1,6,9,5,25,22,12,21,2,4,15,18,3,17,24,x
1117,10102014,8,19,11,16,12,13,15,21,1,3,5,23,7,14,2,x
1118,13102014,24,11,5,14,1,13,8,15,25,10,2,21,23,6,20,x
1119,15102014,18,5,15,12,3,17,7,10,1,20,14,6,23,2,8,x
1120,17102014,5,9,10,13,8,24,19,4,2,18,17,14,16,12,6,x
1121,20102014,1,17,22,23,4,9,8,25,20,6,2,12,5,18,11,x
1122,22102014,16,3,21,7,11,12,13,2,19,24,10,25,14,20,23,x
1123,24102014,13,6,4,8,11,24,22,10,16,15,19,23,7,2,17,x
1124,27102014,6,22,13,12,24,3,15,1,5,19,4,25,21,10,8,x
1125,29102014,22,4,12,3,13,18,1,25,16,11,6,17,21,15,9,x
1126,31102014,16,13,25,7,3,12,22,24,17,19,8,5,18,23,6,x
1127,03112014,22,3,6,13,15,16,9,24,17,1,14,8,11,23,4,x
1128,05112014,3,7,10,1,11,2,24,16,14,4,25,6,17,20,12,x
1129,07112014,21,3,22,18,17,5,13,19,7,2,8,4,16,23,12,x
1130,10112014,2,5,1,12,8,22,15,13,25,14,20,17,10,11,24,x
1131,12112014,2,3,25,6,14,15,4,21,20,12,24,22,17,16,19,x
1132,14112014,17,22,1,23,12,7,9,8,14,11,21,6,2,13,24,x
1133,17112014,6,8,16,4,13,18,12,9,2,24,10,14,25,7,5,x
1134,19112014,10,2,17,13,14,23,11,4,20,1,25,18,8,12,15,x
1135,21112014,16,9,4,18,15,17,3,10,8,5,23,24,12,25,19,x
1136,24112014,6,22,10,1,19,11,24,7,9,17,5,15,2,18,21,x
1137,26112014,23,21,15,8,9,2,5,19,11,4,20,12,7,10,25,x
1138,28112014,13,1,21,7,20,22,11,6,5,3,16,2,18,15,10,x
1139,01122014,18,22,17,16,2,1,19,15,11,6,3,25,14,21,13,x
1140,03122014,24,21,3,20,15,4,10,19,7,8,23,5,6,18,25,x
1141,05122014,18,9,17,11,5,16,10,24,22,6,12,25,13,15,23,x
1142,08122014,24,22,10,20,9,23,16,15,12,7,8,13,19,4,2,x
1143,10122014,1,3,4,10,11,18,12,23,13,14,17,6,16,24,25,x
1144,12122014,4,24,25,7,6,18,2,8,23,17,10,19,3,14,13,x
1145,15122014,13,17,14,15,6,5,9,11,3,23,8,16,18,4,24,x
1146,17122014,24,17,2,7,13,21,4,3,11,22,25,15,19,5,18,x
1147,19122014,12,14,22,11,1,20,18,8,6,15,19,9,16,7,25,x
1148,22122014,5,17,3,24,6,14,19,1,13,16,10,4,18,9,20,x
1149,24122014,21,19,8,2,1,23,18,6,12,7,15,22,10,3,17,x
1150,26122014,12,11,20,13,9,18,7,17,23,22,5,8,24,15,14,x
1151,29122014,11,3,24,7,15,21,12,25,9,22,16,1,14,10,20,x
1152,31122014,10,19,3,18,4,20,22,8,9,16,7,5,25,12,21,x
1153,02012015,3,9,18,6,25,12,2,1,5,24,19,20,13,15,8,x
1154,05012015,3,15,4,25,17,1,11,21,13,16,10,5,24,19,23,x
1155,07012015,22,24,13,12,4,19,18,8,9,3,16,2,25,15,1,x
1156,09012015,3,1,22,15,13,25,21,12,11,24,17,4,14,6,7,x
1157,12012015,2,6,11,8,16,5,18,22,4,21,7,24,13,15,12,x
1158,14012015,3,2,13,15,19,25,16,10,22,20,7,5,17,24,14,x
1159,16012015,15,8,4,24,16,2,22,1,14,6,17,23,9,25,3,x
1160,19012015,7,17,6,4,22,18,10,16,11,5,25,15,8,2,21,x
1161,21012015,2,1,25,22,11,5,19,17,4,18,6,15,8,24,10,x
1162,23012015,19,21,3,13,25,11,15,20,1,18,23,9,7,4,24,x
1163,26012015,24,11,7,13,21,14,12,16,6,9,17,23,19,2,20,x
1164,28012015,4,5,15,20,8,17,10,3,23,21,11,24,13,22,25,x
1165,30012015,18,9,12,21,22,25,3,8,10,19,2,5,15,17,1,x
1166,02022015,19,2,17,14,10,20,21,6,15,12,5,18,24,9,4,x
1167,04022015,23,7,5,2,16,18,4,12,11,15,9,14,8,21,1,x
1168,06022015,16,25,24,4,8,11,19,13,23,1,5,9,7,10,3,x
1169,09022015,22,21,4,15,8,18,9,17,25,12,16,3,24,2,7,x
1170,11022015,10,1,18,4,8,15,13,22,20,2,21,7,16,25,19,x
1171,13022015,17,14,21,8,12,16,18,23,1,13,22,20,11,7,15,x
1172,18022015,24,11,8,20,10,12,25,9,13,23,19,16,6,14,2,x
1173,20022015,21,16,11,9,4,8,22,20,1,2,18,5,19,14,7,x
1174,23022015,5,15,3,11,6,10,1,13,2,23,18,19,9,8,17,x
1175,25022015,8,19,24,15,12,23,21,1,3,25,10,4,14,20,13,x
1176,27022015,5,7,16,19,25,15,12,23,2,20,13,11,3,10,18,x
1177,02032015,9,17,2,10,16,3,11,25,22,12,23,20,8,6,5,x
1178,04032015,20,4,16,19,1,17,11,7,9,18,24,8,23,12,21,x
1179,06032015,9,7,15,5,19,8,20,21,6,1,2,25,3,13,18,x
1180,09032015,9,10,22,11,7,23,2,13,19,6,20,1,14,15,8,x
1181,11032015,23,21,24,9,11,14,20,5,4,8,3,13,7,22,6,x
1182,13032015,21,8,16,6,18,10,20,13,22,7,12,24,25,3,19,x
1183,16032015,16,22,4,20,1,11,14,25,15,13,19,3,18,24,9,x
1184,18032015,6,21,19,25,16,18,4,2,11,14,20,17,12,7,10,x
1185,20032015,25,13,3,24,21,5,9,14,16,6,19,18,22,7,23,x
1186,23032015,14,4,5,24,20,22,6,9,15,23,2,16,11,1,18,x
1187,25032015,22,23,11,16,21,8,12,2,4,19,10,25,7,14,1,x
1188,27032015,2,6,23,5,10,18,24,1,14,8,13,22,20,12,4,x
1189,30032015,12,19,5,25,18,13,4,20,9,8,21,17,14,3,15,x
1190,01042015,23,9,21,17,10,25,14,2,3,4,15,16,22,11,6,x
1191,04042015,18,7,1,24,17,22,10,14,3,2,16,5,25,12,13,x
1192,06042015,15,20,5,16,19,9,21,2,6,12,1,3,13,4,11,x
1193,08042015,1,9,23,25,18,7,4,15,8,14,10,20,19,22,13,x
1194,10042015,23,12,10,2,18,9,8,16,22,19,25,24,15,17,4,x
1195,13042015,10,5,12,11,17,1,22,20,15,6,19,14,25,18,9,x
1196,15042015,12,4,17,9,20,8,23,16,11,1,6,2,7,19,18,x
1197,17042015,17,14,8,13,5,18,4,7,1,24,25,6,20,16,11,x
1198,20042015,23,6,3,1,15,11,7,21,10,4,25,17,9,20,22,x
1199,22042015,4,25,2,21,6,1,10,24,22,14,15,5,16,3,19,x
1200,24042015,16,6,10,14,8,22,7,5,11,12,24,25,4,15,3,x
1201,27042015,22,16,19,9,10,25,14,20,11,21,24,18,23,6,5,x
1202,29042015,10,4,17,2,3,18,23,16,8,25,24,14,13,20,19,x
1203,02052015,2,23,6,1,17,24,12,11,5,25,14,3,13,22,15,x
1204,04052015,9,22,15,23,1,5,20,12,2,21,19,8,13,7,16,x
1205,06052015,18,11,20,25,3,8,1,17,21,24,22,12,9,14,6,x
1206,08052015,11,7,1,21,23,25,15,5,3,24,14,22,18,13,10,x
1207,11052015,21,3,13,9,15,12,1,11,19,18,14,24,10,4,7,x
1208,13052015,20,14,19,15,25,5,24,22,10,3,1,11,4,18,2,x
1209,15052015,9,4,5,19,3,14,15,18,20,7,10,24,8,16,11,x
1210,18052015,13,22,25,19,21,11,15,20,1,2,16,8,10,18,4,x
1211,20052015,17,2,7,23,3,16,10,11,20,24,12,15,5,1,13,x
1212,22052015,9,2,17,1,6,7,18,24,3,20,10,8,5,16,15,x
1213,25052015,25,17,10,20,7,5,18,9,14,24,8,3,2,6,23,x
1214,27052015,23,19,20,13,4,21,5,2,7,9,18,1,14,3,8,x
1215,29052015,14,21,15,18,20,3,9,24,13,22,12,17,7,11,16,x
1216,01062015,18,15,2,17,10,24,14,20,1,21,22,12,3,23,7,x
1217,03062015,12,10,11,13,17,1,9,19,25,3,8,20,7,6,24,x
1218,05062015,11,2,21,5,13,18,3,7,9,14,23,10,20,4,1,x
1219,08062015,5,23,6,8,25,22,10,9,2,14,3,16,4,19,20,x
1220,10062015,23,3,20,18,7,14,4,6,13,17,25,19,5,2,9,x
1221,12062015,10,22,3,24,18,19,15,2,12,6,9,23,14,4,21,x
1222,15062015,9,4,13,15,2,20,8,5,22,24,3,11,10,1,17,x
1223,17062015,22,18,21,14,20,6,8,17,23,7,10,2,16,9,13,x
1224,19062015,19,8,2,12,1,15,18,4,14,5,16,6,17,11,9,x
1225,22062015,24,20,2,5,15,7,3,23,17,25,18,14,13,11,21,x
1226,24062015,8,23,24,10,7,15,22,14,1,11,19,21,5,17,3,x
1227,26062015,25,10,11,21,14,1,19,7,9,13,12,8,2,17,22,x
1228,29062015,7,9,4,12,3,10,1,2,17,23,6,22,24,13,20,x
1229,01072015,14,17,20,7,3,25,19,5,8,22,2,6,1,24,13,x
1230,03072015,19,17,8,11,21,7,12,5,6,18,1,10,13,2,3,x
1231,06072015,22,7,12,1,13,25,3,20,5,4,15,8,16,21,18,x
1232,08072015,15,25,5,24,13,23,3,10,6,19,9,16,14,21,2,x
1233,10072015,16,5,1,9,4,15,18,25,17,23,22,19,14,10,13,x
1234,13072015,10,18,1,19,24,2,17,5,25,14,9,16,20,21,8,x
1235,15072015,13,12,6,4,10,24,11,2,18,20,17,15,3,1,9,x
1236,17072015,2,9,25,23,6,5,1,3,11,17,19,12,10,7,13,x
1237,20072015,22,12,24,3,14,25,21,8,6,10,5,9,7,18,13,x
1238,22072015,17,14,5,15,18,11,2,9,13,16,3,21,25,8,7,x
1239,24072015,14,24,16,12,9,15,10,18,8,11,20,6,22,13,5,x
1240,27072015,18,22,13,24,16,1,20,5,6,4,9,19,12,2,3,x
1241,29072015,1,10,25,9,15,4,17,8,11,5,12,20,24,22,13,x
1242,31072015,24,14,20,1,7,15,16,5,4,25,2,19,23,11,21,x
1243,03082015,4,25,17,14,5,1,8,2,16,15,13,12,22,24,6,x
1244,05082015,16,19,10,7,17,3,12,13,1,23,11,21,5,9,25,x
1245,07082015,21,6,25,16,5,9,18,19,3,11,8,15,17,4,2,x
1246,10082015,19,24,8,18,13,10,17,22,7,1,12,16,9,4,25,x
1247,12082015,11,24,19,15,25,20,3,9,8,16,7,2,17,18,23,x
1248,14082015,22,19,17,24,15,20,1,5,25,13,12,10,16,11,3,x
1249,17082015,18,14,5,19,9,25,12,3,13,22,24,4,15,6,20,x
1250,19082015,25,24,10,15,5,9,19,3,17,2,7,18,14,20,4,x
1251,21082015,25,21,10,6,14,8,16,15,9,17,20,2,23,7,19,x
1252,24082015,10,21,12,3,9,24,23,4,1,15,5,11,20,8,6,x
1253,26082015,16,20,1,18,15,7,3,23,11,2,6,25,24,5,22,x
1254,28082015,17,14,15,22,16,8,9,21,11,23,2,20,12,18,3,x
1255,08092015,14,13,2,6,4,25,16,1,9,21,20,7,23,18,10,x
1256,09092015,13,11,6,18,19,23,1,15,12,22,8,10,2,14,16,x
1257,11092015,1,10,13,19,8,2,22,6,20,14,12,5,11,25,16,x
1258,14092015,6,2,10,21,4,20,9,13,12,8,3,5,23,25,14,x
1259,16092015,18,20,23,13,2,17,9,5,10,14,8,22,19,16,25,x
1260,18092015,6,15,4,24,2,22,7,18,14,11,20,3,1,5,17,x
1261,21092015,5,17,12,25,20,4,18,10,21,16,19,15,7,1,22,x
1262,23092015,22,4,12,11,23,1,21,6,24,16,13,3,17,20,8,x
1263,25092015,9,8,20,22,11,16,12,5,23,13,4,3,25,18,10,x
1264,28092015,23,4,11,12,22,25,5,14,8,1,21,17,24,10,18,x
1265,30092015,25,13,23,4,16,22,1,11,3,14,19,15,7,2,24,x
1266,02102015,20,15,23,8,3,11,6,14,13,2,1,5,24,9,10,x
1267,05102015,18,7,5,3,17,12,9,6,15,2,16,22,25,13,11,x
1268,07102015,18,1,11,7,21,24,13,15,3,2,8,22,17,12,6,x
1269,09102015,11,14,22,7,13,5,17,18,21,23,8,4,16,20,1,x
1270,13102015,5,3,23,8,25,2,10,1,13,11,6,4,21,9,20,x
1271,14102015,8,25,2,6,14,13,24,4,17,12,1,23,9,11,18,x
1272,16102015,21,15,4,14,9,25,20,18,23,10,17,1,24,19,7,x
1273,19102015,1,18,22,8,13,3,6,24,5,15,14,11,12,20,19,x
1274,21102015,18,25,14,22,1,15,7,20,8,3,13,11,10,12,19,x
1275,23102015,14,17,18,7,13,15,20,6,16,23,8,11,10,25,3,x
1276,26102015,19,14,21,3,22,16,15,23,18,7,1,5,10,12,24,x
1277,28102015,18,22,4,17,25,3,12,13,21,15,9,6,2,1,10,x
1278,30102015,21,24,18,19,20,7,22,9,4,16,17,15,10,6,12,x
1279,03112015,8,16,21,12,14,18,3,9,11,4,19,1,23,7,13,x
1280,04112015,19,25,23,22,14,7,24,3,17,1,11,5,9,15,4,x
1281,06112015,23,13,3,24,21,22,5,12,6,15,9,25,19,1,8,x
1282,09112015,21,7,12,6,11,19,20,17,5,14,10,9,22,25,23,x
1283,11112015,13,17,18,16,8,10,15,9,22,7,12,2,23,6,11,x
1284,13112015,13,23,18,16,8,17,11,5,10,7,22,25,20,2,4,x
1285,16112015,7,15,18,6,16,1,24,17,10,12,25,20,11,22,2,x
1286,18112015,23,12,21,16,11,20,19,10,1,4,3,25,17,7,5,x
1287,20112015,22,21,24,4,13,19,11,3,9,25,6,5,17,18,23,x
1288,23112015,13,5,20,2,18,24,23,1,9,10,19,25,16,15,17,x
1289,25112015,2,7,25,1,22,17,18,24,13,8,5,11,15,16,20,x
1290,27112015,25,23,11,16,3,13,6,14,20,4,21,5,22,1,19,x
1291,30112015,24,15,19,10,21,18,12,16,6,20,8,11,1,13,7,x
1292,02122015,23,24,17,8,2,25,10,22,15,1,3,7,11,19,14,x
1293,04122015,22,24,20,11,17,9,1,2,7,13,18,15,12,8,10,x
1294,07122015,13,8,16,18,12,14,11,20,2,23,5,7,25,10,6,x
1295,09122015,10,11,12,19,24,15,6,18,25,9,23,14,17,13,3,x
1296,11122015,23,7,18,10,20,15,17,9,5,14,11,25,19,16,21,x
1297,14122015,6,11,18,12,9,8,22,1,5,17,10,19,2,16,7,x
1298,16122015,24,4,25,20,6,18,22,12,17,9,23,3,2,21,7,x
1299,18122015,8,20,5,13,23,3,22,1,11,25,18,17,19,7,21,x
1300,21122015,25,10,24,14,9,15,13,23,20,11,6,18,2,12,7,x
1301,23122015,24,1,25,7,19,4,14,6,10,9,22,3,16,17,2,x
1302,26122015,22,12,3,20,14,17,9,16,13,25,18,4,6,11,15,x
1303,28122015,8,1,19,18,11,15,22,5,20,9,23,13,14,16,10,x
1304,30122015,8,20,13,10,18,7,1,19,25,2,17,11,14,21,3,x
1305,02012016,13,7,4,15,20,12,17,8,2,6,25,23,11,5,3,x
1306,04012016,2,22,13,15,14,6,9,23,19,18,5,20,1,7,12,x
1307,06012016,15,10,13,18,14,8,23,20,6,3,21,16,12,4,9,x
1308,08012016,16,11,6,19,17,14,9,22,25,8,20,7,23,5,3,x
1309,11012016,19,13,12,24,4,14,16,5,10,18,2,6,25,8,20,x
1310,13012016,23,19,10,4,17,8,18,15,5,1,21,7,3,2,11,x
1311,15012016,10,12,17,5,11,3,18,14,6,15,20,25,8,2,23,x
1312,18012016,25,18,4,11,19,1,20,2,9,6,13,24,23,7,5,x
1313,20012016,25,8,17,23,24,10,21,22,20,1,4,16,13,15,11,x
1314,22012016,14,24,19,16,10,22,25,18,5,15,8,11,3,21,9,x
1315,25012016,12,19,23,11,5,18,1,8,4,3,2,25,16,10,14,x
1316,27012016,20,12,23,25,1,24,6,17,2,4,3,19,5,15,11,x
1317,29012016,25,9,1,11,8,10,3,16,24,7,20,23,22,5,14,x
1318,01022016,12,23,17,8,14,6,9,4,1,3,13,2,20,7,15,x
1319,03022016,5,19,15,14,22,25,6,11,9,3,17,23,8,10,13,x
1320,05022016,17,5,16,22,23,4,11,21,9,12,15,3,13,2,25,x
1321,10022016,4,20,10,3,23,6,13,24,9,11,14,2,18,7,19,x
1322,12022016,21,9,15,25,6,7,18,8,24,17,16,2,13,11,1,x
1323,15022016,19,23,6,5,1,11,4,14,20,9,10,13,21,17,22,x
1324,17022016,4,11,1,10,8,19,18,24,21,13,17,6,25,5,7,x
1325,19022016,21,18,9,10,2,7,5,14,3,20,15,6,16,25,19,x
1326,22022016,9,6,21,17,22,25,1,24,8,3,4,10,19,20,18,x
1327,24022016,3,7,16,25,20,23,10,22,1,5,18,17,4,14,13,x
1328,26022016,16,15,10,5,22,23,24,13,21,8,6,9,25,2,17,x
1329,29022016,23,3,2,15,4,11,25,18,10,13,5,16,24,22,7,x
1330,02032016,17,20,10,5,12,23,22,24,4,25,16,18,19,13,7,x
1331,04032016,1,5,11,23,10,6,25,16,7,24,2,15,14,18,3,x
1332,07032016,21,16,11,13,18,8,24,12,4,14,6,20,5,15,1,x
1333,09032016,10,17,9,20,22,8,3,5,11,4,24,18,7,14,12,x
1334,11032016,10,15,11,4,19,3,9,17,18,21,13,16,6,22,7,x
1335,14032016,3,10,18,11,17,23,24,1,9,7,6,4,16,25,13,x
1336,16032016,6,9,20,12,19,10,14,13,8,24,15,18,11,17,22,x
1337,18032016,6,23,5,10,13,3,16,12,21,8,1,25,19,9,15,x
1338,21032016,16,7,6,17,1,13,14,4,10,19,11,3,15,12,2,x
1339,23032016,11,8,24,13,14,3,16,5,2,21,23,4,6,7,20,x
1340,26032016,10,13,16,9,19,5,18,4,12,7,14,17,22,1,2,x
1341,28032016,24,21,3,16,10,1,23,8,20,4,17,14,9,15,13,x
1342,30032016,12,21,5,23,10,13,1,24,25,9,15,3,2,20,11,x
1343,01042016,5,15,10,16,13,17,23,9,19,11,14,4,24,21,2,x
1344,04042016,6,17,25,21,8,18,23,11,13,2,7,10,4,24,12,x
1345,06042016,10,14,3,15,22,11,7,1,19,24,21,25,9,8,17,x
1346,08042016,19,10,2,18,3,8,14,15,7,23,5,21,20,25,11,x
1347,11042016,3,8,6,14,20,13,7,23,17,24,12,1,18,10,5,x
1348,13042016,7,24,8,14,15,21,1,18,2,20,6,22,25,9,10,x
1349,15042016,12,18,16,7,5,19,14,2,25,4,3,6,8,21,24,x
1350,18042016,9,23,11,19,12,20,8,6,21,13,18,1,5,16,14,x
1351,20042016,7,13,6,25,23,17,2,24,10,21,20,11,4,22,19,x
1352,22042016,16,11,15,19,24,13,20,6,25,10,23,8,14,21,12,x
1353,25042016,14,8,21,24,5,18,3,9,25,10,23,12,22,11,7,x
1354,27042016,1,12,20,9,7,11,3,2,24,13,21,15,18,5,14,x
1355,29042016,2,4,7,15,20,16,24,3,21,1,22,8,18,6,11,x
1356,02052016,11,6,15,12,20,8,3,16,14,19,4,13,17,10,9,x
1357,04052016,22,9,21,7,12,15,23,13,3,17,10,11,18,20,8,x
1358,06052016,2,23,8,15,1,3,6,20,22,4,13,18,9,17,19,x
1359,09052016,18,11,9,13,5,3,17,7,14,8,15,16,20,23,21,x
1360,11052016,14,5,24,6,12,20,4,11,10,8,2,3,18,23,1,x
1361,13052016,5,14,11,19,4,25,18,15,20,12,23,17,13,1,16,x
1362,16052016,13,6,9,22,12,1,4,3,25,21,24,11,10,23,16,x
1363,18052016,12,7,14,16,15,17,5,10,19,20,22,13,21,9,23,x
1364,20052016,6,17,22,15,9,13,10,12,20,18,16,25,24,1,11,x
1365,23052016,22,25,23,15,21,19,6,14,12,2,24,3,20,9,10,x
1366,25052016,15,24,8,21,22,9,12,14,25,13,16,10,11,17,4,x
1367,27052016,14,7,23,4,2,5,3,6,20,15,17,18,16,9,24,x
1368,30052016,23,16,24,20,18,7,10,5,19,25,22,11,8,14,12,x
1369,01062016,18,5,4,11,24,22,10,14,9,12,3,13,16,17,21,x
1370,03062016,11,2,17,24,22,21,18,14,20,5,7,8,13,25,4,x
1371,06062016,25,22,5,15,20,19,3,13,21,24,18,23,17,4,7,x
1372,08062016,23,3,17,13,2,21,9,18,7,16,1,25,15,10,5,x
1373,10062016,5,4,6,18,17,7,3,20,24,8,12,2,21,23,1,x
1374,13062016,9,4,19,23,15,3,2,5,16,6,10,14,20,25,21,x
1375,15062016,18,20,24,15,25,11,14,23,6,9,22,16,1,10,5,x
1376,17062016,12,6,3,15,18,19,22,13,14,16,5,20,24,4,1,x
1377,20062016,10,15,5,19,12,1,6,9,25,13,17,8,20,22,21,x
1378,22062016,19,6,2,25,8,1,20,24,21,10,17,23,3,12,13,x
1379,24062016,17,7,14,2,18,5,10,1,12,4,15,22,21,9,8,x
1380,27062016,15,21,8,3,5,16,25,4,24,6,14,11,22,12,17,x
1381,29062016,18,16,14,9,1,8,21,12,25,19,17,6,10,4,13,x
1382,01072016,24,19,10,21,15,6,16,12,13,20,1,22,17,14,18,x
1383,04072016,22,2,25,15,16,7,8,17,14,24,9,21,13,6,20,x
1384,06072016,11,9,15,12,19,8,18,6,4,3,13,25,22,24,20,x
1385,08072016,19,12,23,18,4,10,17,14,8,9,5,13,20,15,11,x
1386,11072016,9,1,16,22,4,18,7,3,24,17,25,13,2,21,19,x
1387,13072016,16,24,4,11,12,5,7,9,6,14,1,3,18,13,15,x
1388,15072016,25,11,10,15,5,19,8,12,3,21,7,18,1,23,20,x
1389,18072016,20,8,15,2,18,17,6,5,1,10,12,4,14,16,21,x
1390,20072016,14,3,15,5,20,18,13,6,7,16,8,11,21,17,23,x
1391,22072016,3,15,16,21,5,24,1,25,19,11,6,10,12,20,17,x
1392,25072016,14,9,3,15,21,16,8,18,25,2,22,1,17,20,4,x
1393,27072016,9,3,11,20,22,23,13,14,10,7,18,5,17,12,4,x
1394,29072016,9,11,15,5,23,3,4,18,19,10,16,6,21,22,14,x
1395,01082016,17,22,16,12,23,25,6,13,19,8,7,18,11,5,14,x
1396,03082016,13,17,23,12,25,20,7,22,3,18,19,24,10,6,5,x
1397,05082016,11,1,25,18,13,22,14,21,6,9,8,3,12,5,4,x
1398,08082016,24,8,5,16,14,21,7,11,15,20,4,25,19,6,1,x
1399,10082016,12,25,9,4,6,21,8,19,13,24,22,5,15,14,17,x
1400,12082016,19,21,23,9,22,2,12,25,24,3,10,5,6,16,1,x
1401,15082016,4,8,22,25,21,14,3,24,1,5,19,7,15,6,18,x
1402,17082016,3,19,2,15,14,8,11,21,9,5,16,23,12,4,20,x
1403,19082016,17,21,5,16,8,11,23,4,15,12,25,13,3,9,10,x
1404,22082016,22,25,1,2,3,16,15,18,21,13,19,10,4,8,11,x
1405,24082016,24,9,20,11,18,23,14,19,4,2,10,15,16,3,7,x
1406,26082016,15,24,13,6,5,9,2,21,4,22,20,25,3,11,19,x
1407,29082016,5,24,20,10,25,1,6,22,2,12,13,23,7,4,21,x
1408,06092016,13,1,3,24,10,19,14,23,12,21,25,22,5,11,8,x
1409,09092016,4,17,7,8,2,6,14,1,12,16,25,22,11,24,19,x
1410,12092016,9,7,23,4,2,5,6,10,15,16,17,20,21,3,14,x
1411,14092016,9,5,13,23,1,17,21,14,8,12,16,7,10,6,15,x
1412,16092016,18,5,11,22,15,24,16,21,23,7,25,19,13,6,9,x
1413,19092016,17,5,16,4,2,6,9,10,13,21,18,3,7,8,25,x
1414,21092016,3,4,11,13,23,2,9,7,20,14,21,10,5,16,17,x
1415,23092016,25,18,6,17,24,13,19,2,12,4,23,15,10,22,5,x
1416,26092016,8,14,12,15,7,17,18,20,10,24,4,9,5,19,3,x
1417,28092016,4,19,11,14,1,7,13,15,3,9,2,6,18,22,23,x
1418,30092016,21,2,13,14,9,6,11,23,20,15,4,18,10,22,17,x
1419,03102016,7,18,23,15,6,16,12,17,21,24,3,19,20,11,2,x
1420,05102016,13,6,1,15,16,25,17,4,22,14,8,10,23,7,20,x
1421,07102016,6,24,9,19,18,3,11,7,20,17,5,8,12,23,14,x
1422,10102016,11,16,14,15,7,19,22,5,13,17,23,10,4,24,1,x
1423,14102016,2,7,19,8,1,13,12,11,4,22,15,23,16,5,14,x
1424,17102016,11,2,20,13,18,25,4,17,5,23,21,10,8,6,9,x
1425,19102016,16,9,3,11,4,13,5,14,12,21,1,19,20,8,25,x
1426,21102016,10,2,14,16,4,3,18,23,8,12,22,7,15,25,24,x
1427,24102016,18,17,15,1,14,16,20,2,25,12,11,22,10,19,7,x
1428,26102016,22,13,17,2,6,9,5,18,3,8,21,20,4,25,19,x
1429,28102016,15,19,25,20,14,13,16,18,8,9,7,10,5,12,21,x
1430,31102016,1,20,4,16,23,8,21,7,22,13,5,25,3,9,15,x
1431,04112016,16,14,9,8,19,20,10,23,12,2,1,15,25,7,17,x
1432,07112016,25,17,4,24,18,11,23,12,3,1,16,5,20,21,10,x
1433,09112016,16,14,23,9,22,6,20,12,15,25,3,7,10,24,18,x
1434,11112016,4,13,6,3,5,9,7,22,18,24,23,10,12,19,15,x
1435,14112016,4,17,5,20,1,10,6,16,2,19,23,3,9,21,12,x
1436,16112016,5,6,19,3,23,24,2,1,8,18,11,22,12,17,15,x
1437,18112016,7,9,19,4,6,25,2,8,11,23,14,5,20,13,17,x
1438,21112016,1,10,8,21,4,24,11,17,15,14,7,9,20,12,22,x
1439,23112016,14,12,11,5,3,15,16,2,22,24,17,19,1,18,13,x
1440,25112016,12,3,20,22,17,18,8,10,21,25,14,2,13,24,16,x
1441,28112016,22,9,1,16,6,5,4,11,19,10,25,13,23,3,7,x
1442,30112016,1,12,15,16,20,11,9,21,3,2,19,13,7,17,4,x
1443,02122016,16,10,7,2,17,1,8,14,11,5,24,9,12,15,3,x
1444,05122016,24,18,6,10,2,17,4,9,11,20,5,21,14,1,15,x
1445,07122016,8,6,15,20,13,4,5,1,18,25,23,16,17,10,22,x
1446,09122016,13,22,17,4,21,25,23,20,12,24,1,16,8,7,6,x
1447,12122016,25,5,13,17,4,21,19,3,24,12,22,8,11,1,18,x
1448,14122016,23,24,5,21,1,19,4,18,6,13,8,3,22,12,16,x
1449,16122016,23,7,6,20,4,9,16,8,3,22,11,15,5,1,24,x
1450,19122016,13,16,20,5,14,17,8,24,2,19,4,22,1,10,9,x
1451,21122016,5,24,3,12,13,14,20,23,25,19,10,21,1,15,2,x
1452,23122016,8,25,17,2,10,11,7,14,20,24,13,21,5,15,23,x
1453,26122016,2,8,13,15,1,24,19,25,5,23,16,14,21,9,10,x
1454,28122016,10,22,1,25,3,18,21,19,13,14,12,4,23,20,7,x
1455,30122016,15,23,20,2,17,21,16,14,7,5,19,18,22,8,25,x
1456,02012017,8,13,20,6,25,19,15,12,1,7,2,14,24,9,21,x
1457,04012017,14,23,8,15,4,2,9,1,18,10,3,13,7,24,11,x
1458,06012017,20,11,17,18,7,3,1,22,24,19,9,5,2,23,14,x
1459,09012017,12,6,14,16,25,1,18,13,24,4,19,9,17,10,20,x
1460,11012017,17,16,11,7,18,14,20,3,21,1,19,5,15,24,25,x
1461,13012017,9,10,21,24,5,4,17,2,19,18,25,15,6,23,11,x
1462,16012017,9,14,17,12,1,21,3,7,20,4,16,5,25,13,24,x
1463,18012017,23,7,11,20,10,4,22,15,6,17,19,13,3,24,14,x
1464,20012017,23,11,9,12,16,17,24,13,4,15,14,18,10,1,22,x
1465,23012017,24,12,19,10,8,16,23,9,22,21,5,7,20,14,2,x
1466,25012017,10,12,3,6,14,11,24,2,21,23,19,20,25,22,4,x
1467,27012017,9,10,25,20,19,22,12,21,6,4,1,5,24,11,23,x
1468,30012017,20,19,5,13,12,3,23,8,24,21,18,14,6,11,2,x
1469,01022017,5,16,6,3,8,11,7,9,2,13,20,19,18,1,17,x
1470,03022017,14,21,23,3,12,18,24,7,22,15,20,13,11,8,2,x
1471,06022017,8,18,13,4,10,7,15,6,22,11,2,21,20,1,24,x
1472,08022017,14,18,8,10,4,24,22,13,7,12,2,5,23,3,21,x
1473,10022017,20,4,8,7,12,14,25,22,23,16,5,10,1,9,24,x
1474,13022017,8,20,7,1,18,15,14,2,13,19,21,5,10,11,25,x
1475,15022017,24,15,18,13,2,20,3,1,21,9,6,10,25,12,5,x
1476,17022017,4,14,19,9,10,13,16,7,25,21,2,6,12,5,22,x
1477,20022017,21,23,7,4,5,2,10,3,1,12,22,15,17,6,18,x
1478,22022017,6,21,12,15,25,19,7,10,17,11,2,24,16,5,18,x
1479,24022017,13,15,18,22,3,9,17,5,23,6,14,20,16,2,11,x