1,11031996,41,5,4,52,30,33,x
2,18031996,9,39,37,49,43,41,x
3,25031996,36,30,10,11,29,47,x
4,01041996,6,59,42,27,1,5,x
5,08041996,1,19,46,6,16,2,x
6,15041996,19,40,7,13,22,47,x
7,22041996,56,38,21,20,3,5,x
8,29041996,53,17,38,4,47,37,x
9,06051996,55,43,56,54,8,60,x
10,13051996,25,4,18,57,21,38,x
11,20051996,25,15,58,37,59,38,x
12,27051996,20,27,43,16,19,4,x
13,03061996,47,32,50,54,18,56,x
14,10061996,16,2,27,47,23,53,x
15,17061996,60,12,33,52,35,51,x
16,24061996,60,58,49,32,20,34,x
17,01071996,10,20,6,19,51,13,x
18,08071996,37,36,56,27,42,23,x
19,15071996,5,25,12,10,60,24,x
20,22071996,25,28,30,33,51,11,x
21,29071996,49,46,6,53,33,36,x
22,05081996,9,38,56,1,31,46,x
23,12081996,17,52,51,59,39,37,x
24,19081996,1,8,14,28,33,43,x
25,25081996,56,50,55,54,24,43,x
26,01091996,50,53,57,10,58,22,x
27,08091996,44,33,13,51,17,20,x
28,15091996,60,6,22,3,24,54,x
29,22091996,14,56,58,8,43,3,x
30,29091996,38,50,7,29,15,14,x
31,06101996,56,19,28,48,17,45,x
32,13101996,43,33,14,36,5,44,x
33,20101996,5,33,49,17,42,39,x
34,27101996,15,13,57,53,40,17,x
35,03111996,21,57,16,23,54,4,x
36,10111996,13,3,51,17,29,25,x
37,17111996,22,6,7,52,38,60,x
38,24111996,55,42,10,43,45,54,x
39,01121996,16,37,45,52,56,12,x
40,08121996,3,12,46,5,47,8,x
41,15121996,38,26,35,39,12,47,x
42,22121996,24,36,19,33,7,11,x
43,29121996,2,58,25,6,26,17,x
44,05011997,47,38,18,14,29,44,x
45,12011997,30,7,37,55,44,53,x
46,19011997,32,46,1,60,24,23,x
47,26011997,35,17,3,48,25,56,x
48,02021997,47,5,34,28,2,50,x
49,09021997,33,7,43,35,13,55,x
50,16021997,57,44,21,16,58,6,x
51,23021997,23,24,42,25,17,47,x
52,02031997,58,15,59,30,38,46,x
53,09031997,42,13,3,46,38,16,x
54,16031997,5,21,9,56,18,36,x
55,23031997,29,2,14,38,23,52,x
56,30031997,51,35,59,7,20,2,x
57,06041997,27,17,16,34,7,59,x
58,13041997,30,49,27,37,12,44,x
59,20041997,28,13,34,2,8,54,x
60,27041997,38,14,21,15,3,20,x
61,04051997,59,8,18,29,42,44,x
62,11051997,52,13,6,24,8,31,x
63,18051997,26,9,41,49,25,40,x
64,25051997,8,54,50,60,23,12,x
65,01061997,20,1,5,32,25,34,x
66,08061997,15,26,12,33,48,13,x
67,15061997,47,14,27,52,17,12,x
68,22061997,53,13,3,1,12,59,x
69,29061997,56,58,34,53,25,45,x
70,06071997,40,17,23,43,27,58,x
71,13071997,53,16,45,43,33,27,x
72,20071997,19,48,43,1,34,44,x
73,27071997,57,25,45,28,51,26,x
74,03081997,2,24,34,50,38,37,x
75,10081997,36,49,37,35,24,21,x
76,17081997,33,18,23,8,17,53,x
77,24081997,29,54,40,57,49,21,x
78,31081997,22,32,46,12,25,31,x
79,07091997,43,25,2,13,31,17,x
80,14091997,51,40,37,23,48,28,x
81,21091997,47,41,10,60,54,23,x
82,28091997,51,36,53,29,18,15,x
83,05101997,24,16,4,42,57,15,x
84,12101997,10,34,4,6,25,40,x
85,19101997,47,15,30,37,45,6,x
86,26101997,54,21,6,34,36,22,x
87,02111997,40,4,28,32,11,5,x
88,09111997,45,37,29,4,43,18,x
89,16111997,59,42,34,13,44,55,x
90,23111997,21,26,40,54,9,52,x
91,30111997,60,4,10,35,39,2,x
92,07121997,5,23,51,3,1,24,x
93,14121997,22,53,31,28,2,36,x
94,21121997,28,51,55,18,52,8,x
95,28121997,46,60,6,40,50,45,x
96,04011998,4,42,58,26,7,40,x
97,11011998,56,53,11,14,5,35,x
98,18011998,43,33,14,31,35,13,x
99,25011998,30,33,24,11,46,60,x
100,01021998,46,48,30,14,29,51,x
101,08021998,39,1,37,31,29,18,x
102,15021998,44,42,37,56,19,20,x
103,22021998,9,1,57,7,54,49,x
104,01031998,13,1,38,21,52,4,x
105,08031998,3,13,31,43,46,49,x
106,15031998,24,16,38,5,39,35,x
107,22031998,2,24,52,4,16,51,x
108,29031998,60,29,34,24,21,59,x
109,04041998,54,13,44,49,48,1,x
110,11041998,57,58,18,31,43,52,x
111,18041998,52,32,4,33,25,22,x
112,25041998,37,43,34,20,12,42,x
113,02051998,34,54,26,28,55,7,x
114,09051998,47,54,18,6,12,37,x
115,16051998,6,14,24,20,4,38,x
116,23051998,36,42,32,5,13,51,x
117,30051998,53,42,27,20,33,25,x
118,06061998,22,57,37,9,25,56,x
119,13061998,47,21,1,50,36,38,x
120,20061998,46,45,16,40,27,3,x
121,27061998,53,41,44,2,29,55,x
122,04071998,20,43,39,11,53,17,x
123,11071998,13,42,16,32,14,26,x
124,18071998,52,5,34,57,15,41,x
125,25071998,56,47,25,59,53,41,x
126,01081998,32,28,6,10,11,40,x
127,08081998,59,21,51,54,29,50,x
128,15081998,23,43,3,21,9,18,x
129,22081998,46,54,10,9,1,32,x
130,29081998,13,42,38,49,53,29,x
131,05091998,30,9,17,27,4,44,x
132,12091998,44,35,50,41,9,7,x
133,19091998,19,57,6,39,34,5,x
134,26091998,60,32,25,36,52,4,x
135,03101998,35,40,21,59,53,22,x
136,10101998,17,25,45,38,1,59,x
137,17101998,26,15,16,22,19,49,x
138,24101998,41,14,37,5,40,27,x
139,31101998,26,27,13,42,41,3,x
140,07111998,55,31,46,44,41,7,x
141,14111998,10,22,42,13,41,58,x
142,21111998,20,59,19,54,15,8,x
143,28111998,40,18,6,20,50,53,x
144,05121998,8,32,44,36,45,55,x
145,12121998,43,15,41,51,16,31,x
146,19121998,51,34,25,60,42,32,x
147,24121998,24,6,38,23,28,16,x
148,31121998,32,55,59,41,58,35,x
149,09011999,11,45,48,7,28,20,x
150,16011999,50,44,12,55,52,54,x
151,23011999,3,43,16,56,52,20,x
152,30011999,12,5,15,51,58,29,x
153,06021999,47,2,31,42,45,30,x
154,13021999,8,10,24,33,45,48,x
155,20021999,12,32,44,43,35,30,x
156,27021999,52,23,42,17,55,49,x
157,06031999,17,13,4,44,41,21,x
158,13031999,58,43,51,14,17,4,x
159,20031999,16,9,50,58,11,35,x
160,27031999,13,42,52,58,2,54,x
161,03041999,25,37,30,39,6,41,x
162,10041999,23,33,51,38,48,21,x
163,17041999,41,56,27,36,53,8,x
164,24041999,4,19,14,10,44,28,x
165,01051999,39,56,19,23,10,35,x
166,08051999,60,57,59,13,12,22,x
167,15051999,1,38,48,28,11,33,x
168,22051999,45,2,35,9,50,31,x
169,29051999,52,51,37,13,21,1,x
170,05061999,7,51,55,41,58,46,x
171,12061999,54,27,4,43,40,46,x
172,19061999,49,36,14,26,35,10,x
173,26061999,29,28,49,17,42,50,x
174,03071999,11,52,22,23,36,59,x
175,10071999,10,20,13,1,42,50,x
176,17071999,28,4,1,45,53,3,x
177,24071999,35,22,39,41,59,38,x
178,31071999,5,27,19,26,15,33,x
179,07081999,6,53,5,26,27,23,x
180,14081999,39,6,29,60,51,23,x
181,21081999,33,1,55,35,51,27,x
182,28081999,46,60,5,10,28,3,x
183,04091999,16,11,7,40,44,2,x
184,11091999,9,60,21,16,41,34,x
185,18091999,59,17,22,46,43,55,x
186,25091999,24,26,51,25,14,23,x
187,02101999,6,44,58,41,36,48,x
188,10101999,34,42,43,46,27,17,x
189,16101999,41,53,38,4,31,15,x
190,24101999,32,40,42,21,10,5,x
191,31101999,58,5,41,3,1,23,x
192,06111999,1,60,26,41,28,54,x
193,13111999,12,4,11,49,43,19,x
194,20111999,32,42,43,25,28,33,x
195,27111999,17,3,44,37,9,32,x
196,04121999,32,17,9,14,24,7,x
197,11121999,19,52,29,15,12,5,x
198,18121999,40,23,1,18,35,8,x
199,24121999,52,37,57,16,10,50,x
200,31121999,12,15,44,34,51,19,x
201,08012000,55,22,5,30,35,20,x
202,15012000,49,53,44,12,24,45,x
203,22012000,11,55,44,19,29,47,x
204,29012000,31,41,51,39,58,29,x
205,05022000,26,32,54,43,46,40,x
206,12022000,20,26,56,18,34,51,x
207,19022000,19,7,3,55,24,53,x
208,26022000,23,15,57,24,47,25,x
209,04032000,13,52,32,41,21,26,x
210,11032000,37,58,20,38,48,32,x
211,18032000,10,20,40,45,50,33,x
212,25032000,29,57,15,45,59,6,x
213,01042000,3,30,9,35,23,32,x
214,08042000,30,12,6,50,35,31,x
215,15042000,7,58,28,53,37,46,x
216,22042000,35,42,59,18,30,14,x
217,29042000,27,32,3,51,49,45,x
218,06052000,54,40,42,17,47,12,x
219,13052000,26,23,49,28,42,36,x
220,20052000,36,53,55,13,60,14,x
221,27052000,54,13,58,43,50,27,x
222,03062000,5,48,30,55,52,19,x
223,10062000,28,24,22,2,58,6,x
224,17062000,20,16,18,7,44,21,x
225,24062000,21,16,4,37,2,58,x
226,01072000,2,50,59,38,49,1,x
227,08072000,37,26,27,42,11,48,x
228,15072000,16,40,45,59,43,13,x
229,22072000,39,45,11,21,33,13,x
230,29072000,56,44,41,40,8,53,x
231,05082000,16,59,27,42,44,36,x
232,12082000,29,19,41,22,37,59,x
233,19082000,45,3,24,36,7,32,x
234,26082000,15,45,54,25,42,41,x
235,02092000,29,41,55,2,31,22,x
236,09092000,10,52,50,57,25,60,x
237,16092000,36,7,45,31,56,57,x
238,23092000,15,9,41,13,37,42,x
239,30092000,33,21,44,46,47,6,x
240,07102000,59,28,25,41,57,38,x
241,14102000,11,57,40,35,56,31,x
242,21102000,22,7,4,21,28,56,x
243,28102000,20,47,23,32,16,11,x
244,04112000,19,60,50,24,47,33,x
245,11112000,44,51,27,53,8,60,x
246,18112000,2,57,32,43,16,37,x
247,25112000,34,3,30,10,23,46,x
248,02122000,56,16,34,41,35,32,x
249,09122000,21,55,54,40,36,49,x
250,16122000,55,25,41,42,43,7,x
251,23122000,34,15,23,55,49,30,x
252,30122000,17,54,4,51,32,26,x
253,06012001,12,11,56,44,24,37,x
254,13012001,4,30,56,21,22,1,x
255,20012001,32,44,55,19,20,16,x
256,27012001,21,52,34,26,2,32,x
257,03022001,28,5,1,34,4,19,x
258,10022001,12,60,54,7,55,50,x
259,17022001,20,43,33,13,15,58,x
260,24022001,43,4,60,59,6,33,x
261,03032001,5,54,20,56,30,16,x
262,10032001,53,60,48,20,58,11,x
263,17032001,8,50,26,9,53,43,x
264,24032001,5,25,31,13,1,33,x
265,31032001,7,50,53,16,41,34,x
266,07042001,38,54,48,23,2,46,x
267,14042001,58,1,45,55,8,46,x
268,21042001,21,10,47,6,5,33,x
269,28042001,19,18,52,25,17,49,x
270,05052001,45,27,35,40,5,9,x
271,12052001,14,31,54,29,26,24,x
272,19052001,36,58,9,10,56,24,x
273,26052001,47,52,10,27,23,17,x
274,02062001,11,39,47,18,13,26,x
275,09062001,16,30,19,38,48,37,x
276,16062001,53,59,39,45,22,57,x
277,23062001,40,26,38,4,56,52,x
278,30062001,22,10,18,55,15,31,x
279,07072001,31,59,4,58,23,47,x
280,14072001,5,16,30,25,58,20,x
281,21072001,11,5,47,31,53,38,x
282,28072001,33,24,36,9,14,23,x
283,01082001,48,34,28,54,25,42,x
284,04082001,8,36,14,32,30,7,x
285,08082001,50,56,41,12,32,37,x
286,11082001,44,37,56,29,47,35,x
287,15082001,60,47,3,33,25,13,x
288,18082001,50,9,18,11,6,17,x
289,22082001,36,6,30,20,7,25,x
290,25082001,57,30,7,25,40,26,x
291,29082001,22,16,5,41,18,17,x
292,01092001,24,34,53,45,23,13,x
293,05092001,6,12,35,5,28,7,x
294,08092001,28,45,41,22,57,25,x
295,12092001,24,44,7,31,12,50,x
296,15092001,20,51,42,3,52,46,x
297,19092001,20,28,41,1,33,36,x
298,22092001,22,34,24,23,5,60,x
299,26092001,7,5,2,53,33,49,x
300,29092001,27,57,41,38,28,24,x
301,03102001,58,26,49,57,48,9,x
302,06102001,25,40,12,60,30,41,x
303,10102001,7,13,30,37,47,17,x
304,13102001,42,7,11,34,59,41,x
305,17102001,11,5,27,60,38,53,x
306,20102001,30,19,57,41,56,47,x
307,24102001,26,17,13,41,16,44,x
308,27102001,55,25,4,11,29,39,x
309,31102001,39,50,25,55,11,4,x
310,03112001,28,14,29,2,31,32,x
311,07112001,32,22,24,41,30,38,x
312,10112001,14,30,50,41,47,23,x
313,14112001,14,38,53,24,16,37,x
314,17112001,5,32,40,58,37,34,x
315,21112001,50,21,43,12,28,22,x
316,24112001,28,51,56,6,24,43,x
317,28112001,27,20,48,16,30,35,x
318,01122001,19,53,40,3,31,20,x
319,05122001,12,16,23,17,19,48,x
320,08122001,20,53,47,50,22,27,x
321,12122001,11,31,32,48,49,4,x
322,15122001,18,11,29,44,47,56,x
323,19122001,31,49,54,33,26,40,x
324,22122001,22,8,30,15,47,25,x
325,29122001,4,23,3,1,21,53,x
326,05012002,52,23,40,51,44,21,x
327,09012002,46,38,29,33,32,48,x
328,12012002,51,5,23,7,14,21,x
329,16012002,24,11,40,12,35,10,x
330,19012002,2,4,23,37,14,51,x
331,23012002,27,1,35,20,37,13,x
332,26012002,28,23,42,29,44,34,x
333,30012002,35,27,53,44,52,4,x
334,02022002,41,26,51,14,24,23,x
335,06022002,43,33,57,23,59,7,x
336,09022002,2,18,54,22,30,26,x
337,16022002,31,52,14,54,16,4,x
338,20022002,48,46,9,1,36,4,x
339,23022002,13,16,12,5,27,50,x
340,27022002,10,60,42,9,33,12,x
341,02032002,56,23,22,43,16,5,x
342,06032002,29,49,54,51,16,34,x
343,09032002,4,6,7,24,12,41,x
344,13032002,33,36,12,35,10,14,x
345,16032002,56,11,58,46,51,22,x
346,20032002,56,7,46,60,41,12,x
347,23032002,26,10,52,1,12,48,x
348,27032002,39,40,33,52,19,30,x
349,30032002,9,38,32,8,54,28,x
350,03042002,23,30,43,10,15,57,x
351,06042002,15,16,59,60,24,41,x
352,10042002,49,7,47,25,20,44,x
353,13042002,60,46,30,55,23,19,x
354,17042002,40,52,38,16,7,41,x
355,20042002,2,37,22,60,14,23,x
356,24042002,54,19,5,58,56,21,x
357,27042002,45,53,32,2,30,35,x
358,04052002,40,42,32,12,21,17,x
359,08052002,31,54,20,29,13,19,x
360,11052002,47,24,29,55,53,23,x
361,15052002,41,28,45,31,16,59,x
362,18052002,37,20,33,46,7,56,x
363,22052002,39,54,29,49,47,19,x
364,25052002,59,44,29,5,51,57,x
365,29052002,52,19,34,37,58,23,x
366,01062002,6,4,51,7,21,15,x
367,05062002,52,49,27,33,12,10,x
368,08062002,13,50,38,32,44,29,x
369,12062002,21,42,1,60,35,14,x
370,15062002,51,42,4,54,1,40,x
371,19062002,23,33,39,4,60,18,x
372,22062002,24,17,46,57,16,39,x
373,26062002,31,33,24,10,5,1,x
374,29062002,54,2,26,5,44,16,x
375,03072002,51,9,42,5,58,1,x
376,06072002,25,13,10,43,35,48,x
377,10072002,46,19,3,45,12,27,x
378,13072002,55,45,48,41,5,38,x
379,17072002,41,55,24,59,33,40,x
380,20072002,47,22,13,30,31,57,x
381,24072002,9,56,46,28,10,55,x
382,27072002,54,38,53,31,37,34,x
383,31072002,48,22,53,56,50,14,x
384,03082002,28,50,47,24,40,52,x
385,07082002,22,12,24,18,5,16,x
386,10082002,39,54,43,36,17,35,x
387,14082002,29,28,48,47,43,22,x
388,17082002,52,48,53,58,23,36,x
389,21082002,46,14,54,18,43,5,x
390,24082002,7,22,34,12,38,53,x
391,28082002,7,15,35,16,40,4,x
392,31082002,49,47,39,31,15,23,x
393,04092002,12,50,36,6,35,40,x
394,07092002,15,49,42,5,45,35,x
395,11092002,11,58,31,14,10,20,x
396,14092002,47,18,6,45,34,42,x
397,18092002,32,24,2,5,1,46,x
398,21092002,28,7,16,37,36,22,x
399,25092002,59,55,16,27,47,11,x
400,28092002,29,59,13,10,54,28,x
401,02102002,50,18,44,53,11,43,x
402,05102002,27,43,58,5,16,56,x
403,09102002,46,31,7,16,60,27,x
404,12102002,24,38,58,1,40,28,x
405,16102002,57,60,34,24,29,47,x
406,19102002,47,32,48,12,38,2,x
407,23102002,49,2,18,51,22,57,x
408,26102002,49,44,33,28,56,14,x
409,30102002,26,49,25,18,31,34,x
410,02112002,31,55,36,24,8,38,x
411,06112002,10,56,12,31,45,38,x
412,09112002,45,5,14,21,59,12,x
413,13112002,35,53,29,33,2,4,x
414,16112002,35,26,58,52,45,16,x
415,20112002,38,44,4,1,27,42,x
416,23112002,13,1,23,56,54,33,x
417,27112002,25,7,12,21,42,34,x
418,30112002,45,8,32,49,15,52,x
419,04122002,41,42,52,53,16,9,x
420,07122002,43,12,59,30,57,29,x
421,11122002,38,45,35,37,5,51,x
422,14122002,60,12,56,37,55,43,x
423,18122002,8,22,33,40,32,53,x
424,21122002,29,36,27,18,59,46,x
425,28122002,6,16,10,34,47,42,x
426,04012003,7,32,54,50,30,37,x
427,08012003,51,13,43,24,3,14,x
428,11012003,60,8,32,28,46,30,x
429,15012003,55,32,17,36,26,43,x
430,18012003,50,21,10,25,38,8,x
431,22012003,58,26,40,37,47,52,x
432,25012003,50,17,13,27,4,39,x
433,29012003,36,17,28,16,54,30,x
434,01022003,24,17,4,54,30,10,x
435,05022003,37,11,17,31,43,10,x
436,08022003,1,6,57,29,48,7,x
437,12022003,54,10,59,44,30,7,x
438,15022003,38,48,14,3,11,5,x
439,19022003,42,13,20,29,43,57,x
440,22022003,46,23,30,47,5,3,x
441,26022003,2,15,58,10,59,21,x
442,01032003,15,31,23,6,59,37,x
443,08032003,11,36,17,26,52,48,x
444,12032003,48,52,57,24,3,33,x
445,15032003,31,50,7,53,32,20,x
446,19032003,11,20,8,47,12,17,x
447,22032003,24,55,15,33,25,42,x
448,26032003,5,3,52,45,9,51,x
449,29032003,34,56,24,1,49,8,x
450,02042003,59,51,13,1,9,50,x
451,05042003,23,18,31,17,53,28,x
452,09042003,54,11,51,16,36,30,x
453,12042003,58,52,8,34,20,23,x
454,16042003,4,17,42,56,46,24,x
455,19042003,50,15,17,2,14,59,x
456,23042003,17,40,22,27,33,3,x
457,26042003,48,15,24,27,17,32,x
458,30042003,43,53,13,32,34,24,x
459,03052003,43,17,8,15,49,39,x
460,07052003,19,55,30,23,37,49,x
461,10052003,30,17,20,29,15,60,x
462,14052003,27,48,17,19,26,22,x
463,17052003,7,18,2,45,3,53,x
464,21052003,6,33,45,38,24,50,x
465,24052003,46,31,1,57,22,51,x
466,28052003,28,16,45,29,30,11,x
467,31052003,38,21,8,22,18,60,x
468,04062003,23,6,25,39,51,5,x
469,07062003,29,47,42,21,13,26,x
470,11062003,51,58,23,11,8,37,x
471,14062003,51,59,31,5,36,32,x
472,18062003,12,3,38,29,51,4,x
473,21062003,51,7,58,49,23,41,x
474,25062003,34,3,12,50,32,40,x
475,28062003,19,6,43,52,8,22,x
476,02072003,38,43,20,55,17,58,x
477,05072003,47,34,8,6,18,38,x
478,09072003,30,8,31,3,21,25,x
479,12072003,20,54,58,26,41,46,x
480,16072003,36,38,33,14,49,41,x
481,19072003,42,6,24,44,22,13,x
482,23072003,13,56,12,33,53,54,x
483,26072003,16,23,35,18,44,59,x
484,30072003,53,19,38,18,17,49,x
485,02082003,38,28,52,30,19,57,x
486,06082003,50,42,19,8,30,14,x
487,09082003,25,22,48,52,54,8,x
488,13082003,30,39,35,43,15,57,x
489,16082003,28,36,17,53,33,59,x
490,20082003,5,11,29,54,23,58,x
491,23082003,22,43,15,55,9,1,x
492,27082003,57,2,15,6,56,18,x
493,30082003,54,20,3,18,42,24,x
494,03092003,28,32,49,53,18,20,x
495,06092003,36,15,60,8,29,49,x
496,10092003,41,20,19,29,59,10,x
497,13092003,9,41,32,13,58,20,x
498,17092003,49,28,2,6,57,50,x
499,20092003,59,1,11,5,44,4,x
500,27092003,35,21,54,29,38,36,x
501,01102003,34,27,56,28,16,39,x
502,04102003,50,7,33,21,24,13,x
503,08102003,10,21,48,27,49,7,x
504,11102003,39,19,11,8,50,30,x
505,15102003,47,20,52,3,46,28,x
506,18102003,31,37,34,15,38,4,x
507,22102003,44,58,5,27,33,3,x
508,25102003,46,56,5,15,45,10,x
509,29102003,32,55,34,35,28,33,x
510,01112003,30,45,58,1,4,41,x
511,05112003,8,36,34,37,3,4,x
512,08112003,8,40,58,4,53,31,x
513,12112003,46,10,27,19,33,39,x
514,15112003,15,52,40,36,51,42,x
515,19112003,39,16,57,15,45,48,x
516,22112003,24,5,34,13,35,33,x
517,26112003,51,32,8,28,38,7,x
518,29112003,44,8,5,15,18,10,x
519,03122003,9,36,15,19,42,22,x
520,06122003,32,34,17,35,9,12,x
521,10122003,28,32,38,25,15,45,x
522,13122003,49,52,15,25,14,6,x
523,17122003,45,58,40,39,28,44,x
524,20122003,47,29,34,48,19,41,x
525,27122003,26,32,24,49,8,10,x
526,03012004,3,59,21,36,55,31,x
527,07012004,17,14,50,52,6,26,x
528,10012004,34,28,37,12,8,31,x
529,14012004,56,45,13,33,38,1,x
530,17012004,32,21,25,1,6,49,x
531,21012004,3,1,35,7,18,50,x
532,24012004,13,4,12,53,9,52,x
533,28012004,27,18,13,59,21,53,x
534,31012004,48,57,23,8,31,3,x
535,04022004,49,14,47,56,6,28,x
536,07022004,14,22,25,15,37,23,x
537,11022004,37,3,19,34,39,7,x
538,14022004,45,43,56,25,52,3,x
539,18022004,16,50,55,6,47,19,x
540,21022004,22,4,30,44,28,49,x
541,28022004,58,57,27,13,49,52,x
542,03032004,49,4,19,28,35,6,x
543,06032004,35,54,37,42,49,46,x
544,10032004,11,33,56,47,17,34,x
545,13032004,43,35,57,29,40,17,x
546,17032004,46,4,54,17,13,5,x
547,20032004,4,59,13,53,28,30,x
548,24032004,51,49,14,47,59,58,x
549,27032004,13,51,58,22,46,8,x
550,31032004,17,56,16,38,39,45,x
551,03042004,56,48,57,21,12,46,x
552,07042004,22,54,52,47,49,9,x
553,10042004,43,46,58,53,54,4,x
554,14042004,47,29,31,15,60,42,x
555,17042004,49,5,23,33,45,31,x
556,21042004,8,45,30,33,17,10,x
557,24042004,18,49,38,23,8,12,x
558,28042004,59,57,7,58,31,14,x
559,01052004,53,25,36,13,17,6,x
560,05052004,32,18,11,30,2,58,x
561,08052004,39,49,36,20,55,1,x
562,12052004,37,35,23,16,57,55,x
563,15052004,34,8,23,44,51,5,x
564,19052004,38,13,32,20,10,49,x
565,22052004,31,37,35,7,45,34,x
566,26052004,17,6,20,18,13,37,x
567,29052004,57,58,11,38,41,31,x
568,02062004,25,41,17,29,13,22,x
569,05062004,32,15,14,9,3,57,x
570,09062004,35,32,36,33,51,15,x
571,12062004,14,31,12,13,51,50,x
572,16062004,33,3,20,60,9,16,x
573,19062004,59,29,17,6,40,22,x
574,23062004,32,23,2,10,44,17,x
575,26062004,18,29,21,48,35,5,x
576,30062004,18,43,52,39,7,8,x
577,03072004,31,47,28,23,8,24,x
578,07072004,48,3,58,18,56,23,x
579,10072004,15,34,39,17,4,9,x
580,14072004,38,16,18,28,15,47,x
581,17072004,30,25,52,14,39,17,x
582,21072004,13,40,29,59,45,51,x
583,24072004,55,6,41,20,43,7,x
584,28072004,30,53,23,7,32,8,x
585,31072004,24,39,12,33,57,36,x
586,04082004,45,38,13,11,54,39,x
587,07082004,30,2,36,18,60,29,x
588,11082004,45,13,46,55,53,11,x
589,14082004,13,7,33,59,6,8,x
590,18082004,25,51,5,18,4,28,x
591,21082004,58,3,18,50,34,1,x
592,25082004,55,14,59,47,13,42,x
593,28082004,27,29,1,59,25,49,x
594,01092004,10,53,55,29,13,47,x
595,04092004,54,2,43,1,50,25,x
596,08092004,43,60,28,11,54,14,x
597,11092004,42,40,27,22,56,29,x
598,15092004,5,16,53,38,50,34,x
599,18092004,6,45,51,9,23,4,x
600,22092004,18,39,54,34,31,16,x
601,25092004,37,19,29,30,10,22,x
602,29092004,38,60,13,7,55,46,x
603,02102004,4,8,11,29,12,44,x
604,06102004,41,49,51,25,15,46,x
605,09102004,44,52,53,4,49,24,x
606,13102004,41,6,23,55,32,35,x
607,16102004,6,59,11,27,19,41,x
608,20102004,30,6,37,19,24,13,x
609,23102004,15,2,59,60,6,58,x
610,27102004,25,49,30,43,47,45,x
611,30102004,22,21,33,16,48,49,x
612,03112004,55,33,15,50,53,18,x
613,06112004,54,55,13,44,6,19,x
614,10112004,60,31,12,48,57,16,x
615,13112004,27,31,8,10,51,5,x
616,17112004,24,16,26,54,12,2,x
617,20112004,25,5,49,36,33,3,x
618,24112004,60,10,3,8,24,13,x
619,27112004,16,12,46,14,8,19,x
620,01122004,22,1,29,13,32,3,x
621,04122004,29,31,50,26,57,49,x
622,08122004,59,27,19,29,50,38,x
623,11122004,42,23,55,30,9,49,x
624,15122004,39,23,34,52,8,43,x
625,18122004,59,12,32,42,24,40,x
626,22122004,49,8,22,18,7,39,x
627,29122004,19,13,45,58,56,1,x
628,05012005,8,16,22,56,58,30,x
629,08012005,40,47,39,16,51,15,x
630,12012005,16,53,20,60,12,45,x
631,15012005,1,28,47,20,44,32,x
632,19012005,2,54,48,51,19,28,x
633,22012005,27,46,5,50,11,22,x
634,26012005,13,41,24,42,10,56,x
635,29012005,49,42,37,8,20,26,x
636,02022005,30,32,34,50,28,26,x
637,05022005,52,58,43,48,11,18,x
638,12022005,42,10,50,41,11,36,x
639,16022005,51,39,35,60,45,13,x
640,19022005,12,42,59,46,19,60,x
641,23022005,17,13,33,9,1,34,x
642,26022005,51,17,56,36,44,40,x
643,02032005,14,45,24,37,40,42,x
644,05032005,57,29,31,27,34,14,x
645,09032005,52,48,24,53,54,3,x
646,12032005,13,47,60,32,49,10,x
647,16032005,56,19,11,14,12,54,x
648,19032005,5,48,23,42,45,29,x
649,23032005,9,54,41,48,33,24,x
650,26032005,53,59,25,29,10,24,x
651,30032005,39,45,28,26,48,60,x
652,02042005,24,18,57,56,10,20,x
653,06042005,31,24,19,34,9,5,x
654,09042005,10,11,56,40,41,6,x
655,13042005,26,39,1,37,43,48,x
656,16042005,59,37,46,36,35,51,x
657,20042005,20,59,58,33,60,16,x
658,23042005,41,20,36,3,11,6,x
659,27042005,14,29,40,34,51,52,x
660,30042005,53,5,38,54,46,11,x
661,04052005,42,40,27,4,55,36,x
662,07052005,4,60,56,25,18,23,x
663,11052005,1,49,30,55,27,51,x
664,14052005,12,1,55,59,38,36,x
665,18052005,8,47,7,48,25,18,x
666,21052005,7,26,16,29,45,55,x
667,25052005,5,23,16,4,49,1,x
668,28052005,49,33,56,2,14,1,x
669,01062005,7,41,24,40,49,27,x
670,04062005,42,59,58,37,48,22,x
671,08062005,27,16,39,51,9,38,x
672,11062005,43,34,53,38,28,24,x
673,15062005,6,40,37,11,20,34,x
674,18062005,22,32,18,29,42,38,x
675,22062005,50,42,30,25,43,24,x
676,25062005,49,32,15,9,41,42,x
677,29062005,25,10,48,8,32,55,x
678,02072005,44,46,31,14,40,42,x
679,06072005,37,21,54,3,58,25,x
680,09072005,44,2,26,5,3,22,x
681,13072005,59,21,53,25,58,38,x
682,16072005,60,37,47,36,4,27,x
683,20072005,43,40,12,11,2,35,x
684,23072005,50,37,33,40,19,17,x
685,27072005,33,27,5,56,12,43,x
686,30072005,33,5,4,54,15,26,x
687,03082005,59,48,1,7,41,14,x
688,06082005,47,30,52,11,21,35,x
689,10082005,6,60,7,31,49,51,x
690,13082005,15,41,8,47,12,53,x
691,17082005,55,16,58,8,37,50,x
692,20082005,33,18,60,11,58,57,x
693,24082005,14,50,41,17,31,13,x
694,27082005,15,19,29,53,37,41,x
695,31082005,13,40,21,52,6,11,x
696,03092005,37,16,34,57,53,9,x
697,10092005,53,35,32,31,28,51,x
698,14092005,22,8,27,43,55,12,x
699,19092005,53,17,50,23,54,48,x
700,21092005,2,3,24,40,31,14,x
701,24092005,13,1,31,23,60,48,x
702,28092005,1,56,18,58,45,57,x
703,01102005,30,24,2,45,11,27,x
704,05102005,2,27,50,34,18,4,x
705,08102005,3,15,11,13,26,43,x
706,15102005,22,10,17,7,2,60,x
707,19102005,51,8,1,43,10,36,x
708,22102005,45,13,39,47,9,7,x
709,26102005,29,22,44,9,6,4,x
710,29102005,46,25,5,49,39,34,x
711,05112005,10,5,41,59,40,33,x
712,09112005,35,7,53,58,8,43,x
713,12112005,46,1,26,16,12,54,x
714,16112005,17,53,39,8,7,35,x
715,19112005,54,36,12,4,33,24,x
716,23112005,29,2,7,50,16,32,x
717,26112005,28,35,41,17,6,23,x
718,30112005,7,35,21,39,58,33,x
719,03122005,39,47,37,53,32,3,x
720,07122005,12,56,44,51,31,54,x
721,10122005,14,3,23,55,36,25,x
722,14122005,60,36,57,18,44,9,x
723,17122005,16,6,52,1,36,50,x
724,21122005,34,51,55,17,48,27,x
725,31122005,49,9,3,35,37,41,x
726,04012006,40,47,1,5,7,37,x
727,07012006,14,42,12,4,59,30,x
728,11012006,44,42,13,8,24,32,x
729,14012006,33,56,18,57,43,5,x
730,18012006,45,15,2,54,16,50,x
731,21012006,35,6,15,23,28,16,x
732,25012006,49,19,53,50,17,6,x
733,28012006,12,26,31,43,46,2,x
734,01022006,44,45,27,29,43,54,x
735,04022006,40,42,15,52,38,9,x
736,08022006,1,21,38,41,56,49,x
737,11022006,33,12,24,38,11,32,x
738,15022006,15,30,14,42,26,54,x
739,18022006,6,45,56,49,35,10,x
740,22022006,29,47,12,50,16,28,x
741,25022006,26,39,27,24,59,36,x
742,01032006,34,17,7,41,2,50,x
743,04032006,54,20,32,60,25,23,x
744,08032006,26,46,12,23,39,4,x
745,11032006,21,57,37,16,43,2,x
746,15032006,49,12,10,57,25,1,x
747,18032006,21,23,56,12,3,2,x
748,22032006,1,7,19,51,35,2,x
749,25032006,24,47,4,57,48,50,x
750,29032006,58,17,54,10,42,33,x
751,01042006,4,25,38,50,20,7,x
752,05042006,25,4,29,42,24,23,x
753,08042006,59,35,43,22,7,2,x
754,12042006,4,42,34,50,3,13,x
755,15042006,59,30,47,12,4,49,x
756,19042006,37,50,41,5,38,27,x
757,22042006,17,32,12,18,58,30,x
758,26042006,47,59,1,23,36,43,x
759,29042006,59,39,30,31,48,45,x
760,03052006,12,17,60,44,46,45,x
761,06052006,56,29,17,13,27,40,x
762,10052006,39,9,21,12,37,54,x
763,13052006,40,47,1,48,9,26,x
764,18052006,7,3,55,47,53,45,x
765,21052006,3,37,50,16,30,10,x
766,24052006,1,50,19,42,24,58,x
767,27052006,22,50,32,38,54,15,x
768,31052006,33,37,59,30,4,8,x
769,03062006,20,21,50,29,12,16,x
770,07062006,4,34,25,35,48,12,x
771,10062006,29,46,34,47,21,14,x
772,14062006,38,51,52,60,10,35,x
773,17062006,3,5,51,29,34,14,x
774,21062006,37,5,54,58,46,10,x
775,24062006,27,12,46,47,42,50,x
776,28062006,57,35,60,41,3,15,x
777,01072006,14,50,23,2,28,56,x
778,05072006,45,20,36,37,31,51,x
779,08072006,36,54,52,25,29,26,x
780,12072006,10,50,28,51,59,7,x
781,15072006,10,54,8,39,56,13,x
782,19072006,11,23,59,42,35,2,x
783,22072006,43,21,48,8,4,32,x
784,26072006,42,56,8,37,27,53,x
785,29072006,35,5,37,8,48,17,x
786,02082006,27,31,26,11,10,41,x
787,05082006,37,31,20,60,34,54,x
788,09082006,31,57,17,19,29,44,x
789,12082006,60,39,31,38,6,50,x
790,16082006,22,2,19,28,43,6,x
791,19082006,42,35,19,9,14,58,x
792,23082006,43,56,9,45,29,34,x
793,26082006,3,51,33,15,16,57,x
794,30082006,56,47,55,38,42,3,x
795,02092006,14,36,21,29,26,48,x
796,06092006,19,24,43,34,39,5,x
797,09092006,58,48,52,47,12,6,x
798,13092006,32,9,4,52,29,3,x
799,16092006,29,35,19,57,42,55,x
800,20092006,1,7,56,11,37,38,x
801,23092006,20,22,11,19,48,42,x
802,27092006,14,24,60,6,18,48,x
803,30092006,10,57,28,3,5,21,x
804,04102006,13,59,37,56,3,47,x
805,07102006,30,2,48,60,43,36,x
806,12102006,60,41,47,26,35,18,x
807,14102006,8,27,2,32,56,49,x
808,18102006,15,21,31,46,2,57,x
809,21102006,25,23,11,5,30,15,x
810,25102006,4,33,1,48,5,37,x
811,28102006,32,57,28,41,10,47,x
812,01112006,57,39,54,11,38,13,x
813,04112006,23,15,56,46,9,45,x
814,08112006,11,2,46,50,8,41,x
815,11112006,57,50,9,39,37,19,x
816,16112006,21,47,40,52,30,20,x
817,18112006,34,43,29,30,10,52,x
818,22112006,44,41,22,8,9,25,x
819,25112006,51,5,58,46,25,19,x
820,29112006,17,45,32,21,10,46,x
821,02122006,4,29,38,36,33,42,x
822,06122006,4,17,41,10,27,52,x
823,09122006,15,26,59,1,54,51,x
824,13122006,33,48,6,7,20,9,x
825,16122006,28,21,40,10,41,47,x
826,19122006,45,6,8,7,53,27,x
827,21122006,24,56,30,51,42,18,x
828,23122006,23,50,53,42,28,38,x
829,31122006,32,50,14,47,10,56,x
830,03012007,53,51,2,41,13,49,x
831,06012007,3,50,48,42,32,33,x
832,10012007,17,49,15,33,39,23,x
833,13012007,53,58,57,16,46,13,x
834,17012007,44,10,17,16,51,34,x
835,20012007,58,31,57,49,33,18,x
836,24012007,28,22,38,17,52,59,x
837,27012007,16,5,24,34,6,60,x
838,31012007,9,30,47,38,23,44,x
839,03022007,11,18,8,7,37,43,x
840,07022007,43,29,35,59,31,17,x
841,10022007,36,51,32,22,38,7,x
842,14022007,51,44,60,9,7,30,x
843,17022007,34,48,1,16,45,36,x
844,24022007,54,24,44,57,34,16,x
845,28022007,40,48,19,20,14,52,x
846,03032007,47,54,2,50,3,44,x
847,07032007,42,14,44,27,15,48,x
848,10032007,56,34,17,32,47,27,x
849,14032007,8,39,9,58,44,49,x
850,17032007,60,22,59,25,44,7,x
851,21032007,16,32,35,58,19,3,x
852,24032007,14,38,6,23,44,34,x
853,28032007,51,30,59,46,38,56,x
854,31032007,17,3,24,27,44,25,x
855,04042007,42,3,24,53,43,31,x
856,07042007,11,40,41,47,15,42,x
857,11042007,17,59,49,2,3,50,x
858,14042007,31,37,54,23,4,18,x
859,18042007,46,47,12,57,34,9,x
860,23042007,22,8,17,42,44,2,x
861,25042007,42,40,60,59,47,39,x
862,28042007,19,35,12,2,11,8,x
863,02052007,32,53,50,57,15,24,x
864,05052007,31,11,33,42,57,8,x
865,09052007,27,23,41,51,26,53,x
866,12052007,36,48,27,40,5,46,x
867,16052007,54,26,28,19,44,10,x
868,19052007,57,51,21,22,25,40,x
869,23052007,29,42,50,51,49,27,x
870,26052007,52,8,43,34,40,21,x
871,30052007,17,5,58,1,47,10,x
872,02062007,18,55,58,43,31,5,x
873,06062007,57,59,4,34,19,30,x
874,09062007,59,20,52,42,44,10,x
875,13062007,53,18,36,58,24,20,x
876,16062007,4,12,41,45,60,8,x
877,20062007,13,15,20,31,28,36,x
878,23062007,37,12,43,38,11,54,x
879,27062007,29,10,46,35,42,28,x
880,30062007,51,30,49,25,37,46,x
881,04072007,43,24,4,51,18,56,x
882,07072007,42,45,44,60,41,17,x
883,11072007,21,37,60,32,52,53,x
884,14072007,22,11,2,14,39,12,x
885,18072007,13,4,31,33,47,51,x
886,21072007,50,55,37,33,59,17,x
887,25072007,44,12,32,21,1,34,x
888,28072007,50,24,40,54,52,60,x
889,01082007,34,54,20,39,60,24,x
890,04082007,9,21,22,7,17,54,x
891,08082007,15,22,19,35,34,16,x
892,11082007,1,49,52,42,19,44,x
893,15082007,56,53,51,26,18,3,x
894,18082007,37,24,44,28,20,41,x
895,22082007,2,55,41,43,57,58,x
896,25082007,31,11,41,35,22,5,x
897,29082007,21,57,46,22,7,43,x
898,01092007,4,8,3,54,45,30,x
899,05092007,58,18,54,36,53,20,x
900,08092007,4,21,59,18,38,34,x
901,12092007,32,34,16,13,56,33,x
902,15092007,52,55,23,50,58,18,x
903,19092007,17,5,32,55,20,41,x
904,22092007,32,44,59,53,48,51,x
905,26092007,4,15,57,55,2,16,x
906,29092007,35,39,29,24,7,14,x
907,03102007,9,41,53,37,36,51,x
908,06102007,19,1,9,25,50,52,x
909,10102007,42,17,26,38,28,22,x
910,13102007,53,29,36,3,15,27,x
911,17102007,49,46,1,29,6,28,x
912,20102007,26,21,54,4,19,29,x
913,24102007,30,14,59,36,46,38,x
914,27102007,33,51,9,23,45,12,x
915,31102007,20,28,49,26,17,48,x
916,03112007,33,37,5,38,28,36,x
917,07112007,23,59,25,47,46,30,x
918,10112007,38,44,8,4,12,52,x
919,14112007,43,25,41,60,31,3,x
920,17112007,17,57,55,24,52,5,x
921,21112007,35,41,1,57,9,48,x
922,24112007,41,49,45,19,13,12,x
923,28112007,53,39,2,50,57,15,x
924,01122007,51,27,60,21,20,2,x
925,05122007,52,37,46,8,22,36,x
926,08122007,40,41,34,33,21,59,x
927,12122007,36,26,31,23,19,33,x
928,15122007,32,10,49,60,4,33,x
929,19122007,16,49,35,39,57,27,x
930,22122007,46,20,55,37,28,49,x
931,31122007,17,34,7,36,39,19,x
932,05012008,2,21,42,53,36,17,x
933,09012008,25,39,45,51,8,14,x
934,12012008,25,48,44,3,21,1,x
935,16012008,7,45,18,13,29,31,x
936,19012008,5,33,14,29,44,22,x
937,23012008,22,41,2,30,21,52,x
938,26012008,35,15,27,57,50,59,x
939,30012008,6,23,19,50,37,49,x
940,02022008,25,33,51,31,5,37,x
941,06022008,11,15,10,27,60,53,x
942,09022008,5,52,18,8,59,42,x
943,13022008,47,41,58,3,23,12,x
944,16022008,16,58,43,37,52,59,x
945,20022008,44,8,59,54,4,27,x
946,23022008,59,1,47,5,52,12,x
947,27022008,33,11,3,58,14,5,x
948,01032008,22,44,41,46,52,54,x
949,05032008,44,1,51,52,41,23,x
950,08032008,48,59,49,41,42,23,x
951,12032008,49,24,39,34,55,14,x
952,15032008,54,11,27,18,2,30,x
953,19032008,55,48,1,39,16,42,x
954,22032008,8,5,24,18,57,33,x
955,26032008,35,5,32,21,33,12,x
956,29032008,46,51,47,59,54,57,x
957,02042008,50,32,25,34,57,24,x
958,05042008,13,22,7,33,51,48,x
959,09042008,57,3,5,11,33,39,x
960,12042008,34,6,33,18,53,19,x
961,16042008,16,53,2,4,21,36,x
962,19042008,2,48,49,40,55,11,x
963,23042008,37,17,15,50,48,59,x
964,26042008,42,13,33,20,8,26,x
965,30042008,36,39,57,58,5,30,x
966,03052008,1,58,26,28,4,41,x
967,07052008,18,14,57,30,13,5,x
968,10052008,30,4,13,60,51,1,x
969,14052008,56,35,50,13,41,25,x
970,17052008,57,34,5,54,28,21,x
971,21052008,4,14,33,44,11,45,x
972,24052008,33,18,15,56,31,34,x
973,28052008,53,36,8,30,1,47,x
974,31052008,45,20,38,31,16,12,x
975,04062008,33,9,37,40,41,30,x
976,07062008,28,53,38,23,14,25,x
977,11062008,17,3,9,32,7,5,x
978,14062008,42,58,12,18,16,27,x
979,18062008,28,3,39,51,31,15,x
980,21062008,35,17,59,15,36,29,x
981,25062008,8,41,53,1,58,34,x
982,28062008,12,24,8,40,43,49,x
983,02072008,38,45,40,16,32,22,x
984,05072008,46,20,4,43,47,10,x
985,09072008,4,56,18,59,46,16,x
986,12072008,32,6,31,24,15,19,x
987,16072008,47,27,13,31,34,58,x
988,19072008,48,17,46,56,60,8,x
989,23072008,38,21,27,2,29,32,x
990,26072008,29,18,2,15,10,39,x
991,30072008,8,38,60,41,15,9,x
992,02082008,6,8,4,1,25,28,x
993,06082008,26,25,42,60,5,24,x
994,09082008,44,40,58,29,3,20,x
995,13082008,4,54,55,36,16,31,x
996,16082008,21,23,20,7,29,15,x
997,20082008,18,53,55,32,9,17,x
998,23082008,28,21,4,32,3,22,x
999,27082008,44,36,55,58,18,24,x
1000,30082008,49,58,53,39,38,29,x
1001,03092008,15,37,27,12,60,51,x
1002,06092008,3,31,7,25,40,58,x
1003,10092008,10,27,23,5,16,26,x
1004,13092008,45,47,29,40,44,43,x
1005,17092008,6,41,4,37,12,42,x
1006,20092008,48,17,4,33,55,2,x
1007,24092008,49,27,4,36,52,37,x
1008,27092008,7,15,42,48,34,13,x
1009,01102008,34,12,1,6,58,29,x
1010,04102008,2,46,3,37,13,54,x
1011,08102008,30,2,52,21,11,35,x
1012,11102008,47,19,58,14,40,55,x
1013,15102008,7,9,20,41,12,19,x
1014,18102008,60,57,9,25,8,41,x
1015,22102008,49,8,28,3,26,17,x
1016,25102008,11,9,25,5,60,20,x
1017,29102008,31,51,19,6,56,34,x
1018,01112008,55,51,58,9,44,24,x
1019,05112008,29,47,4,13,46,23,x
1020,08112008,19,32,52,1,2,39,x
1021,12112008,42,55,51,43,2,33,x
1022,16112008,31,21,40,39,56,5,x
1023,19112008,45,40,2,7,18,8,x
1024,22112008,28,53,18,39,22,29,x
1025,26112008,52,40,29,27,28,10,x
1026,29112008,10,33,51,53,6,17,x
1027,03122008,20,18,47,44,60,33,x
1028,06122008,54,26,34,51,20,52,x
1029,10122008,17,5,16,24,20,32,x
1030,13122008,57,8,54,1,23,37,x
1031,17122008,49,33,24,40,46,43,x
1032,20122008,57,43,15,29,26,16,x
1033,24122008,39,6,5,33,54,17,x
1034,27122008,20,42,1,3,49,18,x
1035,31122008,51,60,1,11,59,26,x
1036,03012009,27,39,36,10,41,52,x
1037,07012009,56,36,4,44,46,53,x
1038,10012009,51,7,6,28,35,43,x
1039,14012009,52,2,20,27,36,24,x
1040,17012009,44,1,28,55,6,39,x
1041,21012009,12,10,36,54,44,57,x
1042,24012009,25,46,51,18,13,30,x
1043,28012009,25,14,51,48,60,21,x
1044,31012009,58,10,39,11,13,35,x
1045,04022009,31,6,5,17,50,1,x
1046,07022009,57,40,28,42,54,55,x
1047,11022009,1,2,10,48,14,8,x
1048,14022009,57,3,38,21,28,16,x
1049,18022009,34,17,52,5,2,29,x
1050,21022009,60,14,45,24,33,26,x
1051,25022009,57,11,7,43,10,13,x
1052,28022009,8,11,16,15,57,52,x
1053,04032009,15,42,27,53,34,49,x
1054,07032009,41,27,13,60,14,18,x
1055,11032009,27,32,15,12,20,16,x
1056,14032009,38,8,50,53,59,6,x
1057,18032009,15,49,59,4,3,2,x
1058,21032009,20,51,57,45,24,18,x
1059,25032009,37,1,14,45,12,16,x
1060,28032009,1,41,3,18,16,42,x
1061,01042009,9,41,56,23,21,30,x
1062,04042009,55,8,2,37,23,33,x
1063,08042009,49,1,22,47,44,50,x
1064,11042009,28,4,19,16,49,29,x
1065,15042009,7,57,19,43,39,30,x
1066,18042009,10,43,49,32,25,6,x
1067,22042009,14,10,56,25,4,28,x
1068,25042009,44,48,25,57,27,47,x
1069,29042009,28,17,49,53,45,9,x
1070,02052009,41,53,8,23,5,16,x
1071,06052009,5,37,43,7,53,54,x
1072,09052009,19,18,54,47,43,9,x
1073,13052009,44,36,32,8,34,25,x
1074,16052009,3,47,10,50,29,23,x
1075,20052009,53,39,16,21,10,12,x
1076,23052009,32,33,10,19,42,4,x
1077,27052009,11,6,18,5,37,9,x
1078,30052009,3,6,45,34,41,43,x
1079,03062009,36,12,37,24,5,28,x
1080,06062009,56,11,20,41,34,18,x
1081,10062009,9,56,29,52,16,24,x
1082,13062009,4,40,50,17,55,38,x
1083,17062009,20,28,42,23,10,43,x
1084,20062009,20,5,29,59,40,33,x
1085,24062009,39,50,21,12,40,55,x
1086,27062009,45,4,6,23,10,2,x
1087,01072009,36,46,28,32,3,20,x
1088,04072009,24,42,35,31,6,57,x
1089,08072009,37,48,32,2,18,20,x
1090,11072009,24,9,40,20,36,42,x
1091,15072009,27,56,17,24,49,23,x
1092,18072009,40,30,1,9,33,34,x
1093,22072009,27,49,38,23,41,19,x
1094,25072009,10,9,48,36,41,21,x
1095,29072009,27,23,36,10,21,16,x
1096,01082009,3,41,52,14,13,16,x
1097,05082009,21,48,33,1,56,17,x
1098,08082009,30,20,21,11,50,52,x
1099,12082009,55,44,38,35,14,31,x
1100,15082009,41,33,17,18,7,42,x
1101,19082009,7,12,57,6,24,10,x
1102,22082009,46,23,9,35,11,51,x
1103,26082009,41,19,10,28,55,56,x
1104,29082009,3,35,58,49,2,6,x
1105,02092009,43,1,50,28,57,15,x
1106,05092009,4,15,50,60,43,47,x
1107,09092009,36,20,54,9,3,53,x
1108,12092009,60,44,7,39,43,9,x
1109,16092009,11,52,14,6,29,8,x
1110,19092009,26,45,6,28,42,14,x
1111,23092009,4,43,25,9,33,32,x
1112,26092009,4,34,52,32,58,43,x
1113,30092009,47,36,29,59,3,6,x
1114,03102009,16,3,22,54,25,15,x
1115,07102009,44,41,18,50,37,30,x
1116,10102009,17,20,4,47,9,13,x
1117,14102009,27,35,40,1,6,17,x
1118,17102009,55,44,8,20,43,21,x
1119,21102009,44,54,41,45,34,10,x
1120,24102009,50,55,7,35,44,40,x
1121,28102009,18,4,59,54,56,17,x
1122,31102009,49,44,56,26,46,55,x
1123,04112009,19,4,39,14,45,60,x
1124,07112009,49,11,7,18,16,33,x
1125,11112009,7,42,56,29,33,3,x
1126,14112009,59,31,57,4,52,42,x
1127,18112009,24,8,14,5,29,30,x
1128,21112009,60,8,39,52,24,16,x
1129,25112009,47,19,17,12,32,55,x
1130,28112009,23,49,32,54,18,5,x
1131,02122009,49,34,36,1,16,8,x
1132,05122009,52,30,27,12,55,33,x
1133,09122009,16,5,58,39,10,21,x
1134,12122009,29,36,56,22,9,51,x
1135,16122009,5,4,19,39,6,23,x
1136,19122009,7,31,32,37,43,34,x
1137,22122009,21,28,19,25,50,43,x
1138,24122009,4,25,18,15,36,2,x
1139,26122009,36,42,37,9,28,31,x
1140,31122009,49,58,40,46,10,27,x
1141,02012010,40,9,37,58,50,60,x
1142,06012010,28,31,15,58,3,26,x
1143,09012010,35,47,60,44,30,3,x
1144,13012010,19,10,49,18,1,44,x
1145,16012010,19,3,60,33,24,16,x
1146,20012010,10,34,53,33,28,6,x
1147,23012010,23,39,52,31,6,33,x
1148,27012010,48,32,29,55,27,28,x
1149,30012010,46,54,8,36,7,23,x
1150,03022010,28,17,35,52,31,15,x
1151,06022010,1,25,4,14,21,51,x
1152,10022010,47,36,44,29,20,14,x
1153,13022010,55,46,34,17,19,6,x
1154,17022010,4,14,21,26,12,28,x
1155,20022010,28,58,41,40,51,20,x
1156,24022010,31,49,44,24,9,48,x
1157,27022010,46,9,43,41,49,29,x
1158,03032010,23,31,60,55,30,54,x
1159,06032010,53,46,5,6,34,55,x
1160,10032010,40,5,3,48,1,18,x
1161,13032010,48,47,7,4,42,51,x
1162,17032010,31,25,18,41,22,30,x
1163,20032010,5,51,31,53,47,17,x
1164,24032010,17,6,14,40,49,26,x
1165,27032010,20,52,60,42,54,40,x
1166,31032010,35,28,54,30,22,31,x
1167,03042010,43,28,56,20,52,51,x
1168,07042010,47,20,4,56,53,5,x
1169,10042010,14,1,11,23,42,48,x
1170,14042010,46,11,27,34,49,13,x
1171,17042010,41,3,10,30,57,13,x
1172,20042010,28,52,6,43,12,56,x
1173,24042010,7,25,24,36,5,47,x
1174,28042010,7,52,6,51,47,39,x
1175,30042010,2,3,12,37,47,16,x
1176,05052010,21,11,49,14,33,30,x
1177,08052010,33,52,55,47,38,50,x
1178,12052010,1,53,22,50,45,30,x
1179,15052010,59,28,47,60,22,5,x
1180,19052010,60,12,34,30,44,57,x
1181,22052010,44,18,45,31,26,20,x
1182,26052010,52,29,56,60,2,4,x
1183,29052010,12,5,10,20,29,37,x
1184,02062010,4,23,27,28,9,30,x
1185,05062010,54,10,2,43,21,35,x
1186,09062010,41,12,15,7,13,8,x
1187,12062010,8,49,43,17,40,19,x
1188,16062010,60,52,59,9,44,20,x
1189,19062010,50,21,14,35,31,27,x
1190,23062010,11,53,56,37,10,19,x
1191,26062010,25,22,11,16,33,3,x
1192,30062010,49,17,20,59,57,52,x
1193,03072010,12,54,2,32,14,9,x
1194,07072010,24,53,41,6,13,50,x
1195,10072010,27,17,57,26,55,20,x
1196,14072010,60,3,20,19,58,6,x
1197,17072010,39,54,36,37,60,49,x
1198,21072010,29,22,36,58,41,48,x
1199,24072010,58,28,23,39,16,19,x
1200,28072010,10,3,39,54,56,11,x
1201,31072010,36,32,55,49,60,28,x
1202,04082010,9,60,11,53,48,8,x
1203,07082010,55,30,33,9,7,38,x
1204,11082010,10,25,5,39,52,43,x
1205,14082010,14,4,26,35,29,13,x
1206,18082010,2,11,37,36,48,6,x
1207,21082010,32,35,22,9,56,11,x
1208,25082010,45,12,1,26,54,20,x
1209,28082010,30,17,38,14,5,35,x
1210,01092010,3,7,9,10,31,34,x
1211,04092010,36,54,3,31,15,48,x
1212,08092010,35,50,2,23,33,40,x
1213,11092010,3,53,45,11,34,26,x
1214,15092010,5,41,29,36,30,48,x
1215,18092010,47,51,10,50,30,25,x
1216,22092010,7,25,4,58,13,27,x
1217,25092010,5,43,28,15,11,50,x
1218,29092010,33,23,29,46,10,31,x
1219,02102010,34,37,41,53,2,33,x
1220,06102010,48,55,52,43,5,15,x
1221,09102010,46,5,58,37,14,43,x
1222,13102010,26,19,48,57,5,8,x
1223,16102010,17,15,48,42,35,47,x
1224,20102010,41,19,57,53,21,27,x
1225,23102010,32,55,34,31,50,40,x
1226,27102010,31,55,56,50,40,10,x
1227,30102010,35,31,4,30,54,28,x
1228,03112010,36,10,60,52,50,23,x
1229,06112010,12,49,60,32,30,40,x
1230,10112010,37,35,12,22,19,9,x
1231,13112010,20,27,49,5,23,39,x
1232,17112010,12,18,15,8,11,22,x
1233,20112010,49,22,59,29,32,54,x
1234,24112010,3,5,24,19,30,35,x
1235,27112010,16,49,55,20,10,26,x
1236,01122010,17,20,38,8,53,3,x
1237,04122010,26,21,39,5,18,59,x
1238,08122010,40,45,24,14,13,39,x
1239,11122010,15,1,48,37,39,52,x
1240,15122010,22,42,49,8,12,9,x
1241,18122010,13,26,25,10,28,45,x
1242,20122010,54,45,51,11,34,48,x
1243,22122010,32,19,23,57,9,29,x
1244,24122010,45,8,34,15,2,25,x
1245,31122010,34,10,37,50,43,2,x
1246,05012011,59,10,37,57,40,43,x
1247,08012011,9,11,24,3,51,36,x
1248,12012011,20,33,58,34,57,60,x
1249,15012011,3,40,8,53,51,36,x
1250,19012011,59,1,2,40,51,24,x
1251,22012011,48,27,34,52,46,5,x
1252,26012011,35,2,51,14,49,39,x
1253,29012011,2,51,17,44,43,23,x
1254,02022011,9,29,18,7,14,39,x
1255,05022011,23,5,54,39,38,51,x
1256,09022011,26,38,33,35,53,43,x
1257,12022011,27,15,30,52,26,2,x
1258,16022011,47,26,11,57,59,55,x
1259,19022011,39,54,58,46,4,6,x
1260,23022011,19,23,31,53,29,41,x
1261,26022011,10,41,14,22,53,42,x
1262,02032011,11,39,9,5,8,7,x
1263,05032011,41,53,18,4,36,26,x
1264,09032011,56,17,37,51,4,36,x
1265,12032011,13,50,46,24,60,19,x
1266,16032011,39,6,42,10,60,33,x
1267,19032011,47,58,4,41,20,30,x
1268,23032011,17,53,60,44,16,3,x
1269,26032011,51,5,27,4,15,17,x
1270,30032011,31,33,24,5,42,9,x
1271,02042011,2,52,39,59,48,1,x
1272,06042011,28,27,13,35,26,52,x
1273,09042011,60,26,19,58,13,40,x
1274,13042011,13,59,21,17,40,39,x
1275,16042011,58,55,14,2,60,48,x
1276,20042011,9,40,5,22,36,11,x
1277,23042011,50,59,18,31,60,12,x
1278,27042011,4,16,24,56,25,30,x
1279,30042011,8,29,36,35,14,40,x
1280,04052011,29,6,54,10,20,16,x
1281,07052011,36,14,30,38,11,8,x
1282,11052011,4,39,56,23,52,55,x
1283,14052011,59,8,60,44,40,30,x
1284,18052011,26,21,20,36,31,29,x
1285,21052011,33,10,15,38,31,28,x
1286,25052011,5,52,2,33,51,28,x
1287,28052011,33,42,12,31,11,52,x
1288,01062011,42,32,56,40,30,17,x
1289,04062011,13,8,27,1,3,52,x
1290,08062011,14,50,3,23,2,34,x
1291,11062011,18,57,58,40,47,54,x
1292,15062011,30,31,23,9,54,11,x
1293,18062011,24,50,1,44,13,40,x
1294,22062011,6,50,4,48,29,51,x
1295,25062011,20,2,43,15,5,57,x
1296,29062011,49,43,14,10,53,46,x
1297,02072011,2,56,11,5,59,13,x
1298,06072011,60,14,53,30,15,55,x
1299,09072011,56,32,8,22,43,53,x
1300,13072011,46,43,59,54,44,53,x
1301,16072011,16,25,3,51,23,56,x
1302,20072011,44,15,56,2,10,57,x
1303,23072011,19,51,54,8,52,46,x
1304,27072011,35,23,15,7,20,14,x
1305,30072011,44,11,5,46,36,3,x
1306,03082011,45,6,19,34,43,22,x
1307,06082011,10,47,54,7,43,32,x
1308,09082011,24,33,7,30,47,8,x
1309,11082011,7,12,25,26,32,39,x
1310,13082011,14,8,53,9,59,32,x
1311,17082011,54,7,19,12,45,9,x
1312,20082011,28,30,29,22,20,5,x
1313,24082011,39,26,49,1,4,43,x
1314,27082011,42,44,52,58,60,38,x
1315,31082011,27,29,1,50,52,38,x
1316,03092011,48,34,25,42,13,8,x
1317,08092011,35,29,37,13,6,30,x
1318,10092011,34,46,14,28,11,16,x
1319,14092011,16,4,18,27,5,51,x
1320,17092011,38,17,55,41,24,25,x
1321,21092011,51,59,47,10,60,53,x
1322,24092011,55,43,21,10,47,53,x
1323,28092011,25,37,15,6,48,55,x
1324,01102011,29,44,51,31,18,57,x
1325,05102011,35,2,20,43,5,16,x
1326,08102011,30,19,10,18,50,11,x
1327,13102011,41,35,36,16,52,54,x
1328,15102011,43,27,59,53,23,10,x
1329,19102011,43,50,8,7,39,11,x
1330,22102011,48,8,21,18,49,30,x
1331,26102011,24,46,39,57,26,9,x
1332,29102011,5,13,3,24,35,59,x
1333,03112011,25,51,26,42,28,33,x
1334,05112011,8,25,27,6,10,1,x
1335,09112011,49,3,51,20,22,14,x
1336,12112011,51,54,32,1,38,47,x
1337,16112011,38,2,45,35,20,51,x
1338,19112011,19,33,18,43,60,1,x
1339,23112011,59,10,16,14,7,54,x
1340,26112011,36,21,13,59,60,30,x
1341,30112011,11,40,37,20,1,52,x
1342,03122011,5,60,46,42,50,7,x
1343,07122011,51,31,42,20,56,19,x
1344,10122011,19,42,8,36,21,59,x
1345,14122011,50,40,26,7,19,17,x
1346,17122011,59,47,32,48,40,12,x
1347,20122011,19,45,54,56,46,9,x
1348,22122011,38,45,39,7,12,56,x
1349,24122011,9,19,20,50,60,51,x
1350,31122011,4,36,29,55,45,3,x
1351,04012012,13,50,41,36,56,33,x
1352,07012012,35,59,36,9,18,24,x
1353,11012012,47,11,3,27,32,13,x
1354,14012012,2,42,8,49,48,38,x
1355,18012012,39,49,11,24,17,46,x
1356,21012012,21,46,6,22,13,31,x
1357,25012012,55,52,26,19,1,24,x
1358,28012012,16,15,37,3,35,47,x
1359,01022012,12,17,28,53,6,10,x
1360,04022012,50,25,17,16,54,2,x
1361,08022012,37,27,44,30,38,23,x
1362,11022012,58,19,12,22,2,36,x
1363,15022012,52,25,42,45,35,57,x
1364,18022012,20,13,40,10,53,44,x
1365,22022012,50,35,32,26,2,24,x
1366,25022012,59,44,54,37,27,12,x
1367,01032012,38,29,43,13,7,2,x
1368,03032012,10,26,29,38,32,21,x
1369,07032012,32,24,16,38,5,46,x
1370,10032012,2,27,59,49,4,5,x
1371,14032012,47,11,8,49,3,4,x
1372,17032012,46,60,58,36,40,3,x
1373,21032012,52,39,7,27,55,57,x
1374,24032012,21,33,28,31,43,6,x
1375,28032012,25,28,53,45,14,58,x
1376,31032012,53,49,21,11,54,9,x
1377,04042012,25,5,13,12,35,2,x
1378,07042012,18,17,59,2,54,5,x
1379,11042012,45,5,36,12,50,58,x
1380,14042012,52,14,3,60,57,55,x
1381,18042012,44,30,27,11,40,57,x
1382,20042012,17,27,55,13,5,16,x
1383,25042012,9,55,23,44,7,46,x
1384,28042012,56,18,31,2,30,45,x
1385,02052012,42,37,35,27,59,36,x
1386,05052012,39,56,28,12,51,38,x
1387,09052012,43,27,18,52,50,32,x
1388,12052012,54,31,50,43,29,22,x
1389,16052012,1,44,39,16,57,28,x
1390,19052012,29,27,19,4,28,31,x
1391,23052012,19,7,12,34,53,40,x
1392,26052012,43,8,2,28,33,12,x
1393,30052012,44,28,18,24,4,39,x
1394,02062012,11,35,16,46,24,50,x
1395,06062012,5,44,11,19,17,48,x
1396,09062012,52,48,54,58,55,29,x
1397,13062012,15,56,3,27,4,7,x
1398,16062012,42,51,14,40,32,33,x
1399,20062012,39,43,60,57,34,56,x
1400,23062012,34,26,9,43,54,53,x
1401,27062012,12,11,54,33,48,25,x
1402,30062012,38,10,27,2,21,9,x
1403,04072012,16,39,13,26,42,20,x
1404,07072012,7,32,31,51,27,8,x
1405,11072012,14,17,32,37,39,3,x
1406,14072012,7,10,38,17,24,57,x
1407,18072012,53,42,31,43,29,18,x
1408,21072012,43,39,20,19,24,4,x
1409,25072012,50,6,47,58,26,19,x
1410,28072012,54,29,18,42,40,50,x
1411,01082012,32,44,12,8,48,46,x
1412,04082012,6,8,37,24,45,41,x
1413,07082012,54,33,13,55,45,15,x
1414,09082012,44,49,57,37,21,46,x
1415,11082012,51,49,46,40,36,26,x
1416,15082012,49,3,19,35,22,24,x
1417,18082012,12,56,5,52,45,59,x
1418,22082012,7,8,10,27,12,56,x
1419,25082012,52,21,48,58,30,17,x
1420,29082012,45,16,18,11,36,2,x
1421,01092012,31,39,59,19,53,44,x
1422,05092012,17,44,2,5,13,39,x
1423,08092012,43,8,21,27,3,25,x
1424,12092012,60,38,29,3,7,15,x
1425,15092012,7,29,50,16,38,36,x
1426,19092012,24,44,6,15,18,30,x
1427,22092012,47,44,53,56,8,39,x
1428,26092012,15,55,37,34,19,7,x
1429,29092012,9,22,60,48,12,39,x
1430,03102012,19,2,30,46,22,52,x
1431,06102012,33,54,40,5,9,13,x
1432,10102012,16,24,25,45,59,42,x
1433,13102012,14,46,40,13,4,52,x
1434,17102012,3,34,58,22,18,55,x
1435,20102012,45,47,50,52,15,4,x
1436,24102012,1,23,13,30,24,57,x
1437,27102012,48,37,26,22,38,23,x
1438,31102012,49,7,33,31,36,14,x
1439,03112012,35,55,2,43,34,42,x
1440,07112012,6,28,56,2,36,51,x
1441,10112012,56,29,53,36,38,17,x
1442,14112012,12,20,13,49,34,30,x
1443,17112012,52,32,12,54,20,48,x
1444,21112012,2,5,55,28,27,48,x
1445,24112012,41,32,19,58,5,49,x
1446,28112012,13,32,6,51,40,24,x
1447,01122012,1,41,28,33,39,19,x
1448,05122012,25,29,36,1,56,60,x
1449,08122012,2,18,30,56,52,6,x
1450,12122012,27,45,44,26,38,31,x
1451,15122012,57,10,33,2,11,52,x
1452,18122012,50,57,58,28,2,14,x
1453,20122012,47,32,25,57,6,13,x
1454,22122012,27,52,41,29,4,48,x
1455,31122012,33,14,52,36,32,41,x
1456,02012013,36,6,40,14,8,26,x
1457,05012013,34,16,46,15,42,59,x
1458,09012013,2,16,4,44,33,51,x
1459,12012013,2,6,35,30,52,34,x
1460,16012013,50,52,14,4,27,38,x
1461,19012013,44,31,49,54,36,47,x
1462,23012013,5,9,25,40,38,27,x
1463,26012013,40,22,13,29,48,28,x
1464,30012013,59,2,54,32,24,50,x
1465,02022013,11,6,53,44,16,26,x
1466,06022013,4,13,51,37,6,34,x
1467,09022013,41,53,26,23,52,24,x
1468,13022013,2,20,37,19,1,10,x
1469,16022013,4,56,54,13,35,58,x
1470,20022013,2,34,51,36,38,55,x
1471,23022013,58,33,36,40,25,10,x
1472,27022013,12,23,25,18,45,50,x
1473,02032013,60,12,57,58,33,2,x
1474,06032013,2,43,11,1,3,28,x
1475,09032013,13,12,51,37,48,44,x
1476,13032013,26,10,4,37,47,57,x
1477,16032013,50,59,56,46,3,4,x
1478,20032013,10,40,27,47,55,37,x
1479,23032013,57,21,54,48,50,60,x
1480,27032013,9,14,26,36,52,21,x
1481,30032013,40,27,55,17,28,44,x
1482,03042013,11,9,6,34,41,53,x
1483,06042013,55,53,1,35,56,39,x
1484,10042013,49,29,17,53,20,24,x
1485,13042013,30,59,27,36,4,54,x
1486,17042013,10,1,34,54,6,40,x
1487,20042013,4,17,23,28,9,53,x
1488,24042013,4,51,45,22,38,25,x
1489,27042013,48,15,24,28,1,26,x
1490,02052013,31,32,43,3,52,1,x
1491,04052013,56,6,45,60,26,50,x
1492,08052013,48,44,46,4,18,9,x
1493,11052013,30,24,12,49,7,27,x
1494,15052013,50,28,35,24,2,14,x
1495,18052013,13,49,4,44,14,57,x
1496,22052013,28,18,41,54,14,47,x
1497,25052013,58,7,27,45,4,5,x
1498,29052013,11,46,27,49,6,40,x
1499,01062013,26,37,8,22,54,33,x
1500,05062013,57,43,18,59,10,31,x
1501,08062013,13,37,54,7,29,1,x
1502,12062013,6,43,22,52,57,51,x
1503,15062013,36,22,42,3,16,4,x
1504,19062013,41,2,42,30,12,10,x
1505,22062013,32,1,6,9,16,2,x
1506,26062013,49,34,42,18,3,14,x
1507,29062013,46,24,51,50,56,52,x
1508,03072013,58,39,18,17,35,30,x
1509,06072013,27,51,1,46,59,6,x
1510,10072013,1,8,44,17,46,53,x
1511,13072013,8,29,31,4,17,45,x
1512,17072013,35,11,28,46,42,58,x
1513,20072013,31,57,17,56,28,58,x
1514,24072013,23,16,17,59,42,60,x
1515,27072013,59,49,13,18,4,14,x
1516,31072013,34,60,18,45,4,20,x
1517,03082013,45,38,52,17,7,56,x
1518,06082013,28,8,55,41,48,9,x
1519,08082013,6,23,56,15,5,59,x
1520,10082013,36,46,48,31,7,35,x
1521,14082013,18,30,14,11,33,39,x
1522,17082013,33,5,23,32,8,56,x
1523,21082013,25,39,44,41,31,22,x
1524,24082013,40,53,12,46,2,52,x
1525,28082013,30,46,35,54,26,2,x
1526,31082013,51,47,28,10,59,16,x
1527,04092013,32,44,42,48,16,36,x
1528,06092013,4,13,58,36,19,15,x
1529,11092013,35,17,15,34,49,11,x
1530,14092013,53,10,28,16,48,33,x
1531,18092013,24,41,12,42,44,13,x
1532,21092013,42,2,11,23,31,44,x
1533,25092013,29,21,47,57,13,34,x
1534,28092013,28,12,34,29,1,48,x
1535,02102013,55,25,9,8,54,41,x
1536,05102013,18,32,29,13,50,58,x
1537,09102013,6,56,33,50,51,10,x
1538,11102013,35,52,27,53,57,23,x
1539,16102013,10,49,8,58,20,26,x
1540,19102013,54,47,27,17,3,32,x
1541,23102013,37,5,24,44,49,58,x
1542,26102013,7,12,57,11,30,39,x
1543,30102013,30,7,23,20,15,41,x
1544,01112013,30,50,45,2,35,21,x
1545,06112013,6,48,11,45,4,24,x
1546,09112013,38,44,17,60,4,53,x
1547,13112013,28,21,9,10,2,18,x
1548,16112013,44,41,42,54,47,19,x
1549,20112013,32,53,16,20,12,10,x
1550,23112013,21,56,36,9,13,27,x
1551,27112013,2,23,38,15,21,19,x
1552,30112013,7,18,26,46,39,24,x
1553,04122013,29,21,20,46,22,60,x
1554,07122013,30,52,50,49,53,32,x
1555,11122013,5,52,59,2,33,23,x
1556,14122013,7,52,11,10,1,4,x
1557,17122013,46,18,16,45,31,4,x
1558,19122013,31,42,15,7,17,54,x
1559,21122013,37,58,12,29,8,16,x
1560,31122013,30,47,53,38,20,36,x
1561,02012014,28,26,54,55,23,60,x
1562,04012014,12,10,51,37,23,47,x
1563,09012014,43,36,1,20,13,6,x
1564,11012014,54,44,38,25,46,53,x
1565,15012014,43,41,37,51,18,39,x
1566,18012014,11,32,60,5,6,36,x
1567,22012014,53,38,30,2,15,48,x
1568,25012014,28,58,19,24,42,25,x
1569,29012014,42,15,18,31,5,53,x
1570,01022014,18,46,42,15,56,24,x
1571,05022014,46,60,55,32,3,29,x
1572,08022014,46,42,27,45,20,47,x
1573,12022014,7,16,36,35,38,21,x
1574,15022014,6,28,33,48,46,27,x
1575,19022014,1,5,4,45,14,56,x
1576,22022014,26,30,21,15,13,46,x
1577,26022014,25,32,11,59,51,14,x
1578,01032014,6,53,56,30,37,3,x
1579,05032014,34,25,40,51,60,49,x
1580,08032014,1,6,14,17,33,36,x
1581,12032014,31,34,15,14,25,30,x
1582,15032014,4,17,1,48,13,38,x
1583,19032014,18,2,9,47,17,45,x
1584,22032014,27,54,28,50,22,3,x
1585,26032014,55,47,43,48,49,2,x
1586,29032014,47,58,8,43,39,46,x
1587,02042014,8,21,19,30,52,56,x
1588,05042014,36,29,23,49,32,45,x
1589,09042014,11,41,51,5,19,4,x
1590,12042014,40,7,44,55,34,20,x
1591,16042014,4,23,55,10,38,33,x
1592,19042014,41,49,36,42,31,38,x
1593,23042014,4,17,38,9,18,21,x
1594,26042014,53,43,23,6,7,8,x
1595,30042014,59,5,42,8,46,2,x
1596,03052014,5,12,1,7,45,10,x
1597,07052014,16,52,5,44,10,50,x
1598,10052014,36,47,42,29,53,31,x
1599,14052014,35,10,15,58,36,3,x
1600,17052014,9,46,23,32,35,57,x
1601,21052014,60,24,56,45,10,8,x
1602,24052014,8,44,40,35,22,12,x
1603,28052014,13,53,20,31,60,27,x
1604,31052014,21,40,51,27,24,2,x
1605,04062014,42,30,9,19,31,21,x
1606,07062014,54,1,15,37,46,42,x
1607,11062014,32,41,51,7,31,52,x
1608,14062014,6,43,17,5,54,59,x
1609,18062014,2,26,6,13,53,60,x
1610,21062014,36,53,35,9,1,4,x
1611,25062014,24,51,50,28,58,47,x
1612,28062014,17,51,36,6,42,13,x
1613,02072014,31,18,4,46,44,49,x
1614,05072014,49,27,43,17,14,21,x
1615,09072014,26,20,5,44,33,31,x
1616,12072014,46,40,58,31,28,42,x
1617,16072014,23,31,47,54,3,26,x
1618,19072014,9,51,20,24,52,43,x
1619,23072014,46,17,5,42,47,8,x
1620,26072014,57,23,38,13,34,27,x
1621,30072014,24,22,38,49,10,39,x
1622,02082014,21,7,5,53,45,4,x
1623,05082014,33,56,59,43,50,49,x
1624,07082014,32,2,27,47,58,41,x
1625,09082014,45,11,22,52,36,40,x
1626,13082014,3,52,5,43,35,14,x
1627,16082014,26,57,20,32,45,41,x
1628,20082014,38,26,60,34,29,50,x
1629,23082014,47,20,35,4,59,24,x
1630,27082014,30,43,7,44,1,54,x
1631,30082014,47,48,44,60,4,29,x
1632,03092014,18,56,27,6,24,59,x
1633,06092014,2,11,49,13,36,1,x
1634,10092014,44,9,33,10,23,51,x
1635,13092014,30,32,51,8,28,23,x
1636,17092014,33,19,52,51,35,26,x
1637,20092014,5,56,24,55,1,47,x
1638,24092014,38,2,42,58,41,1,x
1639,27092014,35,51,34,49,16,29,x
1640,01102014,6,18,46,23,31,2,x
1641,04102014,51,30,29,33,46,23,x
1642,08102014,47,3,43,42,60,23,x
1643,11102014,19,20,16,60,28,37,x
1644,15102014,10,16,34,13,60,22,x
1645,18102014,31,37,21,38,8,18,x
1646,22102014,34,23,41,19,40,58,x
1647,25102014,38,54,23,12,17,53,x
1648,29102014,48,18,15,22,20,16,x
1649,01112014,54,33,24,44,38,42,x
1650,05112014,23,57,29,17,60,38,x
1651,08112014,27,44,8,35,38,41,x
1652,12112014,44,28,24,57,7,26,x
1653,14112014,45,22,27,21,1,32,x
1654,19112014,50,33,42,7,58,16,x
1655,22112014,56,46,7,24,28,53,x
1656,26112014,6,4,43,54,56,11,x
1657,29112014,10,54,37,45,14,7,x
1658,03122014,7,40,19,49,11,23,x
1659,06122014,20,33,37,49,4,10,x
1660,10122014,17,38,42,51,34,8,x
1661,13122014,16,48,43,27,58,13,x
1662,17122014,57,10,25,14,33,29,x
1663,20122014,20,27,49,40,55,18,x
1664,24122014,48,8,21,36,23,29,x
1665,31122014,20,11,16,1,56,5,x
1666,03012015,51,27,1,23,45,2,x
1667,07012015,51,24,56,7,12,44,x
1668,10012015,47,40,55,57,52,5,x
1669,14012015,29,28,31,48,45,49,x
1670,17012015,1,33,30,17,47,19,x
1671,21012015,21,31,56,55,45,27,x
1672,24012015,20,10,1,5,42,3,x
1673,28012015,35,10,47,5,24,23,x
1674,31012015,42,59,30,58,50,22,x
1675,04022015,36,3,35,56,18,34,x
1676,07022015,2,1,37,51,48,11,x
1677,11022015,52,33,15,28,51,10,x
1678,14022015,35,52,17,19,9,11,x
1679,18022015,28,2,1,46,27,47,x
1680,21022015,37,46,47,51,23,38,x
1681,25022015,1,33,8,11,6,50,x
1682,28022015,13,39,51,37,35,7,x
1683,04032015,48,4,12,34,32,33,x
1684,07032015,9,12,31,50,18,39,x
1685,11032015,39,46,18,51,31,3,x
1686,14032015,44,37,9,55,14,46,x
1687,18032015,15,58,24,37,46,49,x
1688,21032015,18,23,42,56,32,30,x
1689,25032015,41,2,53,5,13,27,x
1690,28032015,24,45,53,35,26,21,x
1691,01042015,39,45,58,10,1,24,x
1692,04042015,44,56,13,14,27,11,x
1693,08042015,19,18,38,5,21,15,x
1694,11042015,34,29,20,37,57,45,x
1695,15042015,36,43,38,24,58,44,x
1696,18042015,12,1,31,37,17,46,x
1697,22042015,8,30,23,51,53,58,x
1698,25042015,24,44,28,13,45,11,x
1699,29042015,1,10,30,33,38,6,x
1700,02052015,58,41,48,50,15,18,x
1701,05052015,9,3,18,40,32,56,x
1702,07052015,39,52,17,35,19,33,x
1703,09052015,49,3,35,39,23,26,x
1704,13052015,11,7,59,51,32,1,x
1705,16052015,50,37,51,27,29,25,x
1706,20052015,12,31,34,48,36,56,x
1707,23052015,36,27,20,7,16,52,x
1708,27052015,38,50,29,45,17,32,x
1709,30052015,30,7,47,35,19,42,x
1710,03062015,59,56,7,28,21,58,x
1711,06062015,38,22,50,45,26,39,x
1712,10062015,50,19,59,2,29,12,x
1713,13062015,3,29,10,16,23,27,x
1714,17062015,51,2,24,52,36,8,x
1715,20062015,20,16,35,40,60,53,x
1716,24062015,25,36,2,53,42,41,x
1717,27062015,9,58,16,44,2,37,x
1718,01072015,30,53,4,31,47,32,x
1719,04072015,44,22,31,54,34,1,x
1720,07072015,49,39,18,31,57,23,x
1721,09072015,12,33,4,38,36,19,x
1722,11072015,41,39,9,49,23,58,x
1723,15072015,27,60,30,14,46,52,x
1724,18072015,27,39,37,58,60,33,x
1725,22072015,26,31,30,18,16,34,x
1726,25072015,42,54,57,3,49,10,x
1727,29072015,4,6,41,40,19,20,x
1728,01082015,28,39,8,59,42,3,x
1729,04082015,53,14,44,7,23,43,x
1730,06082015,1,24,10,17,42,51,x
1731,08082015,59,49,43,5,27,18,x
1732,12082015,25,60,34,53,45,38,x
1733,15082015,5,9,41,14,3,46,x
1734,19082015,52,29,17,41,12,25,x
1735,22082015,46,16,33,45,34,6,x
1736,26082015,13,32,12,41,24,29,x
1737,29082015,59,5,51,42,50,8,x
1738,02092015,53,46,28,48,37,12,x
1739,05092015,34,17,9,46,10,32,x
1740,09092015,38,15,47,25,10,53,x
1741,12092015,49,18,20,32,15,48,x
1742,16092015,23,27,21,19,52,11,x
1743,19092015,34,31,29,4,10,35,x
1744,23092015,12,9,56,29,14,42,x
1745,26092015,13,47,60,18,52,9,x
1746,30092015,37,40,6,58,41,18,x
1747,03102015,53,34,59,33,48,6,x
1748,07102015,2,53,13,49,10,41,x
1749,10102015,33,13,14,3,43,29,x
1750,13102015,17,41,48,15,20,31,x
1751,15102015,42,22,51,23,57,15,x
1752,17102015,36,53,55,37,60,9,x
1753,21102015,54,8,45,29,35,15,x
1754,24102015,20,31,40,30,27,53,x
1755,28102015,48,5,30,18,8,2,x
1756,31102015,28,13,6,14,45,35,x
1757,04112015,43,13,28,56,37,25,x
1758,07112015,6,23,16,11,42,36,x
1759,10112015,2,14,21,60,22,51,x
1760,13112015,25,10,24,47,48,36,x
1761,14112015,53,36,10,9,50,55,x
1762,18112015,45,59,42,55,32,26,x
1763,21112015,21,9,15,36,12,31,x
1764,25112015,6,7,41,39,29,55,x
1765,28112015,1,28,56,37,6,58,x
1766,02122015,60,23,22,46,53,41,x
1767,05122015,44,26,39,35,16,45,x
1768,09122015,35,11,7,50,34,5,x
1769,12122015,32,44,54,60,47,37,x
1770,16122015,34,30,41,11,27,26,x
1771,19122015,38,2,27,28,32,20,x
1772,22122015,27,39,19,41,12,45,x
1773,24122015,45,41,39,30,15,59,x
1774,26122015,1,52,30,60,20,12,x
1775,31122015,31,2,51,42,18,56,x
1776,02012016,39,11,48,14,19,10,x
1777,06012016,55,4,44,38,19,52,x
1778,09012016,4,38,48,10,45,40,x
1779,12012016,25,56,30,12,39,57,x
1780,14012016,20,6,33,22,31,34,x
1781,16012016,22,8,52,1,53,49,x
1782,20012016,34,57,47,18,6,52,x
1783,23012016,38,16,21,4,18,6,x
1784,27012016,30,15,54,55,26,4,x
1785,30012016,27,5,42,54,41,11,x
1786,02022016,34,8,2,21,25,6,x
1787,04022016,1,29,13,25,5,26,x
1788,06022016,42,45,56,13,3,59,x
1789,10022016,57,59,6,25,43,58,x
1790,13022016,28,13,11,26,50,27,x
1791,17022016,55,12,50,18,53,46,x
1792,20022016,47,41,18,17,2,16,x
1793,24022016,56,13,22,54,14,58,x
1794,27022016,1,5,37,60,34,40,x
1795,02032016,55,50,42,58,47,30,x
1796,05032016,54,22,48,34,23,53,x
1797,08032016,2,57,35,13,54,14,x
1798,10032016,9,28,45,2,23,53,x
1799,12032016,53,1,3,4,51,39,x
1800,16032016,31,56,16,6,11,19,x
1801,19032016,19,45,43,6,54,34,x
1802,23032016,6,14,2,17,44,13,x
1803,26032016,4,29,8,49,38,50,x
1804,30032016,20,50,48,59,28,21,x
1805,02042016,17,49,27,22,57,31,x
1806,06042016,11,42,55,58,35,20,x
1807,09042016,43,15,22,1,16,25,x
1808,13042016,20,25,45,2,41,14,x
1809,16042016,23,12,54,46,9,24,x
1810,20042016,56,10,43,50,1,25,x
1811,23042016,32,37,5,35,17,57,x
1812,27042016,45,34,23,20,37,32,x
1813,30042016,51,9,13,15,19,11,x
1814,03052016,53,51,27,11,46,9,x
1815,05052016,60,8,25,39,41,11,x
1816,07052016,12,10,46,28,22,5,x
1817,11052016,47,1,26,55,39,4,x
1818,14052016,10,53,15,2,6,56,x
1819,18052016,37,26,18,30,33,17,x
1820,21052016,27,19,23,3,45,40,x
1821,25052016,53,31,19,52,36,22,x
1822,28052016,22,53,26,1,43,50,x
1823,01062016,54,34,59,21,9,4,x
1824,04062016,19,30,60,12,6,5,x
1825,07062016,21,54,10,50,51,11,x
1826,09062016,43,48,32,19,17,51,x
1827,11062016,43,33,53,26,54,42,x
1828,15062016,40,32,11,6,59,48,x
1829,18062016,53,32,30,7,24,13,x
1830,22062016,29,3,54,7,37,60,x
1831,25062016,55,15,48,32,28,27,x
1832,29062016,34,47,57,56,14,46,x
1833,02072016,2,42,3,27,16,7,x
1834,06072016,2,22,51,24,48,17,x
1835,09072016,50,36,8,28,47,58,x
1836,12072016,59,18,45,60,8,15,x
1837,14072016,41,48,57,50,44,54,x
1838,16072016,59,24,30,8,57,5,x
1839,20072016,28,32,22,56,58,7,x
1840,23072016,33,41,48,15,17,47,x
1841,27072016,6,51,13,38,49,3,x
1842,30072016,18,43,22,24,16,34,x
1843,03082016,28,26,33,41,8,54,x
1844,06082016,4,3,37,39,48,50,x
1845,09082016,9,3,29,13,30,51,x
1846,11082016,49,26,30,34,24,6,x
1847,13082016,45,1,57,49,50,6,x
1848,17082016,58,41,50,40,9,55,x
1849,20082016,35,27,3,11,44,5,x
1850,24082016,24,32,23,40,41,38,x
1851,27082016,35,22,8,37,21,18,x
1852,31082016,29,13,49,50,45,17,x
1853,03092016,2,41,39,1,34,45,x
1854,08092016,59,30,43,31,34,25,x
1855,10092016,6,38,24,39,15,10,x
1856,14092016,14,9,2,32,22,37,x
1857,17092016,53,35,52,25,23,13,x
1858,20092016,55,30,28,59,33,22,x
1859,22092016,13,26,1,21,14,51,x
1860,24092016,10,40,30,44,36,60,x
1861,28092016,45,9,60,2,35,4,x
1862,01102016,8,49,35,42,56,2,x
1863,05102016,23,45,16,58,59,56,x
1864,08102016,5,4,37,40,60,14,x
1865,13102016,42,5,32,37,1,31,x
1866,15102016,14,36,60,38,17,44,x
1867,18102016,3,43,21,17,22,10,x
1868,20102016,25,5,31,1,28,23,x
1869,22102016,11,26,24,52,40,23,x
1870,26102016,30,40,33,18,20,32,x
1871,29102016,17,58,33,52,11,3,x
1872,03112016,39,11,56,46,13,25,x
1873,05112016,25,5,53,28,41,54,x
1874,08112016,43,28,10,37,47,44,x
1875,10112016,53,45,47,1,52,55,x
1876,12112016,7,18,51,41,44,39,x
1877,16112016,35,13,32,16,24,23,x
1878,19112016,56,26,40,16,57,12,x
1879,23112016,20,58,10,59,57,5,x
1880,26112016,19,51,56,16,5,37,x
1881,30112016,30,10,53,44,3,56,x
1882,03122016,41,35,37,10,19,9,x
1883,07122016,28,59,16,47,27,60,x
1884,10122016,38,1,32,4,23,59,x
1885,14122016,59,7,18,23,32,14,x
1886,17122016,7,40,54,15,3,45,x
1887,20122016,23,56,41,46,34,11,x
1888,22122016,48,1,18,45,17,10,x
1889,24122016,30,25,23,44,28,16,x
1890,31122016,5,24,51,22,11,53,x
1891,04012017,47,1,3,19,23,58,x
1892,07012017,50,22,6,37,30,17,x
1893,11012017,17,58,45,19,28,16,x
1894,14012017,31,35,57,54,21,53,x
1895,18012017,3,5,2,34,10,15,x
1896,21012017,25,6,14,21,3,15,x
1897,25012017,52,9,58,47,22,25,x
1898,28012017,53,12,58,55,34,45,x
1899,01022017,48,35,44,23,36,20,x
1900,04022017,46,11,8,43,28,27,x
1901,08022017,30,53,26,11,37,12,x
1902,11022017,25,18,2,21,9,7,x
1903,15022017,9,43,10,15,45,28,x
1904,18022017,21,18,56,15,51,12,x
1905,21022017,43,54,29,57,35,56,x
1906,23022017,27,40,33,6,39,60,x
1907,25022017,3,48,44,35,25,38,x
